     1.000000    0.001310
     0.997847    0.001683
     0.994388    0.002280
     0.990614    0.002925
     0.986473    0.003626
     0.981915    0.004391
     0.976879    0.005228
     0.971301    0.006155
     0.965113    0.007198
     0.958242    0.008379
     0.950631    0.009714
     0.942243    0.011217
     0.933065    0.012885
     0.923156    0.014701
     0.912632    0.016662
     0.901585    0.018747
     0.890148    0.020941
     0.878381    0.023214
     0.866357    0.025579
     0.854100    0.028032
     0.841690    0.030528
     0.829218    0.033061
     0.816722    0.035617
     0.804217    0.038227
     0.791686    0.040857
     0.779216    0.043504
     0.766782    0.046162
     0.754363    0.048850
     0.741929    0.051544
     0.729547    0.054254
     0.717201    0.056945
     0.704815    0.059647
     0.692397    0.062376
     0.680045    0.065068
     0.667746    0.067731
     0.655448    0.070396
     0.643159    0.073037
     0.630903    0.075635
     0.618665    0.078232
     0.606433    0.080783
     0.594249    0.083257
     0.582100    0.085700
     0.569948    0.088067
     0.557809    0.090395
     0.545695    0.092653
     0.533693    0.094863
     0.521881    0.096968
     0.510314    0.098961
     0.498985    0.100819
     0.487808    0.102662
     0.476639    0.104409
     0.465481    0.106119
     0.454266    0.107691
     0.443067    0.109221
     0.432024    0.110663
     0.421181    0.111957
     0.410574    0.113098
     0.400255    0.114215
     0.390138    0.115125
     0.380093    0.116013
     0.370061    0.116731
     0.359905    0.117428
     0.349586    0.117983
     0.338988    0.118409
     0.328333    0.118754
     0.317652    0.118891
     0.306916    0.118910
     0.296261    0.118734
     0.285544    0.118336
     0.274831    0.117825
     0.264160    0.117112
     0.253538    0.116286
     0.243053    0.115263
     0.232622    0.114040
     0.222273    0.112622
     0.211917    0.110990
     0.201632    0.109283
     0.191480    0.107378
     0.181437    0.105299
     0.171465    0.103022
     0.161632    0.100683
     0.151971    0.098105
     0.142380    0.095379
     0.132999    0.092549
     0.123858    0.089578
     0.114970    0.086489
     0.106376    0.083295
     0.098090    0.080031
     0.090182    0.076739
     0.082685    0.073420
     0.075613    0.070105
     0.068986    0.066818
     0.062810    0.063581
     0.057078    0.060415
     0.051781    0.057342
     0.046907    0.054368
     0.042434    0.051492
     0.038331    0.048716
     0.034568    0.046041
     0.031117    0.043466
     0.027951    0.040989
     0.025048    0.038605
     0.022387    0.036306
     0.019945    0.034084
     0.017703    0.031931
     0.015643    0.029842
     0.013751    0.027816
     0.012016    0.025850
     0.010429    0.023941
     0.008980    0.022081
     0.007659    0.020262
     0.006456    0.018478
     0.005363    0.016722
     0.004377    0.014992
     0.003495    0.013292
     0.002714    0.011624
     0.002030    0.009994
     0.001444    0.008408
     0.000957    0.006868
     0.000571    0.005371
     0.000283    0.003910
     0.000094    0.002476
     0.000005    0.001059
     0.000022   -0.000352
     0.000145   -0.001767
     0.000374   -0.003194
     0.000713   -0.004637
     0.001166   -0.006097
     0.001742   -0.007575
     0.002450   -0.009064
     0.003300   -0.010553
     0.004295   -0.012034
     0.005435   -0.013507
     0.006714   -0.014973
     0.008126   -0.016435
     0.009659   -0.017902
     0.011309   -0.019382
     0.013084   -0.020881
     0.014999   -0.022406
     0.017067   -0.023963
     0.019303   -0.025558
     0.021721   -0.027198
     0.024337   -0.028886
     0.027168   -0.030628
     0.030235   -0.032432
     0.033565   -0.034304
     0.037190   -0.036250
     0.041139   -0.038278
     0.045449   -0.040392
     0.050153   -0.042596
     0.055290   -0.044889
     0.060900   -0.047270
     0.067012   -0.049746
     0.073640   -0.052310
     0.080787   -0.054940
     0.088449   -0.057613
     0.096606   -0.060305
     0.105219   -0.062993
     0.114235   -0.065644
     0.123621   -0.068229
     0.133318   -0.070740
     0.143277   -0.073146
     0.153460   -0.075448
     0.163796   -0.077628
     0.174271   -0.079653
     0.184871   -0.081545
     0.195550   -0.083284
     0.206310   -0.084862
     0.217154   -0.086282
     0.228059   -0.087558
     0.239011   -0.088678
     0.249990   -0.089647
     0.261002   -0.090447
     0.272046   -0.091100
     0.283085   -0.091602
     0.294125   -0.091935
     0.305177   -0.092109
     0.316220   -0.092129
     0.327248   -0.091980
     0.338283   -0.091663
     0.349321   -0.091182
     0.360368   -0.090545
     0.371398   -0.089746
     0.382439   -0.088776
     0.393487   -0.087652
     0.404534   -0.086355
     0.415613   -0.084913
     0.426659   -0.083320
     0.437725   -0.081535
     0.448838   -0.079600
     0.459979   -0.077494
     0.471192   -0.075224
     0.482473   -0.072800
     0.493833   -0.070215
     0.505300   -0.067475
     0.516881   -0.064605
     0.528547   -0.061636
     0.540223   -0.058616
     0.551827   -0.055520
     0.563438   -0.052419
     0.575075   -0.049248
     0.586801   -0.046065
     0.598611   -0.042819
     0.610450   -0.039609
     0.622282   -0.036407
     0.634128   -0.033257
     0.645980   -0.030145
     0.657810   -0.027126
     0.669616   -0.024190
     0.681363   -0.021351
     0.693038   -0.018632
     0.704673   -0.016044
     0.716263   -0.013565
     0.727795   -0.011221
     0.739279   -0.009011
     0.750736   -0.006935
     0.762123   -0.004989
     0.773479   -0.003188
     0.784749   -0.001526
     0.795965   -0.000029
     0.807126    0.001317
     0.818225    0.002501
     0.829267    0.003530
     0.840220    0.004411
     0.851050    0.005135
     0.861733    0.005694
     0.872237    0.006098
     0.882504    0.006352
     0.892470    0.006464
     0.902065    0.006438
     0.911225    0.006285
     0.919895    0.006018
     0.928029    0.005665
     0.935589    0.005252
     0.942558    0.004791
     0.948956    0.004292
     0.954818    0.003777
     0.960170    0.003289
     0.965055    0.002819
     0.969528    0.002310
     0.973628    0.001785
     0.977377    0.001370
     0.980829    0.001148
     0.984102    0.000977
     0.987321    0.000558
     0.990541   -0.000319
     0.993647   -0.001415
     0.996423   -0.002025
     0.998756   -0.001493
     1.000000    0.000000
