     1.000171    0.036320
     0.997890    0.036314
     0.994218    0.036300
     0.990200    0.036278
     0.985780    0.036247
     0.980900    0.036206
     0.975494    0.036152
     0.969489    0.036094
     0.962805    0.036050
     0.955368    0.036026
     0.947128    0.036028
     0.938059    0.036064
     0.928193    0.036122
     0.917659    0.036202
     0.906616    0.036327
     0.895253    0.036470
     0.883773    0.036657
     0.872368    0.036849
     0.861231    0.037083
     0.850559    0.037332
     0.840549    0.037571
     0.831342    0.037805
     0.822963    0.038028
     0.815394    0.038214
     0.808545    0.038478
     0.802253    0.038639
     0.796022    0.039956
     0.789124    0.041383
     0.781438    0.043033
     0.772904    0.044854
     0.763539    0.046859
     0.753381    0.049063
     0.742511    0.051418
     0.731096    0.053913
     0.719269    0.056498
     0.707081    0.059150
     0.694615    0.061889
     0.682034    0.064639
     0.669408    0.067368
     0.656719    0.070122
     0.643985    0.072861
     0.631257    0.075559
     0.618528    0.078261
     0.605796    0.080914
     0.593105    0.083488
     0.580449    0.086025
     0.567778    0.088488
     0.555132    0.090898
     0.542519    0.093240
     0.530066    0.095518
     0.517822    0.097679
     0.505872    0.099687
     0.494139    0.101633
     0.482506    0.103487
     0.470874    0.105312
     0.459222    0.107008
     0.447527    0.108611
     0.435958    0.110163
     0.424587    0.111565
     0.413468    0.112792
     0.402636    0.113964
     0.392075    0.114961
     0.381596    0.115883
     0.371158    0.116660
     0.360590    0.117382
     0.349857    0.117971
     0.338825    0.118415
     0.327733    0.118768
     0.316602    0.118896
     0.305432    0.118900
     0.294338    0.118676
     0.283162    0.118233
     0.272032    0.117656
     0.260914    0.116873
     0.249910    0.115958
     0.239015    0.114812
     0.228187    0.113461
     0.217428    0.111873
     0.206651    0.110136
     0.196037    0.108259
     0.185525    0.106173
     0.175137    0.103873
     0.164826    0.101467
     0.154749    0.098870
     0.144743    0.096064
     0.134936    0.093150
     0.125391    0.090091
     0.116117    0.086899
     0.107161    0.083596
     0.098539    0.080213
     0.090324    0.076800
     0.082554    0.073360
     0.075244    0.069926
     0.068414    0.066525
     0.062069    0.063181
     0.056200    0.059916
     0.050796    0.056753
     0.045840    0.053696
     0.041306    0.050743
     0.037159    0.047897
     0.033366    0.045158
     0.029896    0.042525
     0.026723    0.039994
     0.023820    0.037559
     0.021166    0.035210
     0.018735    0.032937
     0.016508    0.030734
     0.014469    0.028598
     0.012602    0.026528
     0.010899    0.024519
     0.009348    0.022566
     0.007938    0.020658
     0.006658    0.018788
     0.005499    0.016948
     0.004456    0.015136
     0.003526    0.013354
     0.002706    0.011607
     0.001993    0.009901
     0.001388    0.008243
     0.000892    0.006636
     0.000505    0.005075
     0.000227    0.003552
     0.000057    0.002058
    -0.000001    0.000581
     0.000056   -0.000892
     0.000229   -0.002370
     0.000517   -0.003859
     0.000924   -0.005363
     0.001457   -0.006882
     0.002123   -0.008412
     0.002935   -0.009944
     0.003897   -0.011468
     0.005010   -0.012980
     0.006272   -0.014484
     0.007676   -0.015984
     0.009213   -0.017486
     0.010874   -0.019000
     0.012664   -0.020534
     0.014597   -0.022092
     0.016687   -0.023683
     0.018949   -0.025312
     0.021400   -0.026985
     0.024057   -0.028709
     0.026937   -0.030489
     0.030064   -0.032333
     0.033466   -0.034249
     0.037175   -0.036243
     0.041227   -0.038322
     0.045659   -0.040492
     0.050511   -0.042759
     0.055824   -0.045120
     0.061644   -0.047578
     0.068002   -0.050137
     0.074915   -0.052789
     0.082388   -0.055511
     0.090415   -0.058276
     0.098972   -0.061059
     0.108015   -0.063833
     0.117486   -0.066558
     0.127349   -0.069213
     0.137529   -0.071778
     0.147987   -0.074229
     0.158657   -0.076565
     0.169480   -0.078749
     0.180461   -0.080776
     0.191544   -0.082652
     0.202716   -0.084355
     0.213980   -0.085882
     0.225324   -0.087253
     0.236717   -0.088456
     0.248150   -0.089496
     0.259613   -0.090354
     0.271116   -0.091051
     0.282615   -0.091584
     0.294116   -0.091934
     0.305630   -0.092112
     0.317132   -0.092123
     0.328621   -0.091950
     0.340118   -0.091594
     0.351620   -0.091061
     0.363126   -0.090362
     0.374617   -0.089480
     0.386127   -0.088417
     0.397632   -0.087187
     0.409160   -0.085767
     0.420692   -0.084203
     0.432200   -0.082448
     0.443765   -0.080501
     0.455356   -0.078388
     0.467013   -0.076087
     0.478745   -0.073617
     0.490558   -0.070975
     0.502478   -0.068160
     0.514525   -0.065196
     0.526671   -0.062117
     0.538851   -0.058974
     0.550952   -0.055755
     0.563057   -0.052521
     0.575188   -0.049217
     0.587414   -0.045897
     0.599726   -0.042514
     0.612062   -0.039174
     0.624380   -0.035842
     0.636719   -0.032574
     0.649029   -0.029359
     0.661306   -0.026249
     0.673514   -0.023238
     0.685609   -0.020348
     0.697575   -0.017609
     0.709418   -0.015017
     0.721072   -0.012572
     0.732501   -0.010299
     0.743643   -0.008207
     0.754433   -0.006286
     0.764753   -0.004563
     0.774551   -0.003024
     0.783713   -0.001670
     0.792204   -0.000516
     0.800055    0.000480
     0.807163    0.001771
     0.814105    0.003971
     0.821641    0.006147
     0.829783    0.008348
     0.838448    0.010651
     0.847600    0.012956
     0.857121    0.015234
     0.866893    0.017433
     0.876786    0.019525
     0.886659    0.021476
     0.896382    0.023259
     0.905832    0.024856
     0.914904    0.026255
     0.923514    0.027461
     0.931593    0.028490
     0.939090    0.029358
     0.945994    0.030074
     0.952332    0.030655
     0.958126    0.031146
     0.963403    0.031581
     0.968228    0.031918
     0.972659    0.032139
     0.976698    0.032360
     0.980370    0.032710
     0.983785    0.033148
     0.987154    0.033380
     0.990599    0.033156
     0.994022    0.032587
     0.997038    0.032396
     0.999380    0.033294
     1.000399    0.035030
