     0.999472    0.043296
     0.997174    0.043209
     0.993473    0.043066
     0.989422    0.042902
     0.984965    0.042715
     0.980043    0.042501
     0.974588    0.042256
     0.968526    0.041987
     0.961777    0.041707
     0.954267    0.041422
     0.945946    0.041136
     0.936793    0.040854
     0.926849    0.040566
     0.916255    0.040279
     0.905181    0.040019
     0.893838    0.039769
     0.882438    0.039557
     0.871194    0.039355
     0.860307    0.039206
     0.849974    0.039086
     0.840369    0.038980
     0.831599    0.038895
     0.823662    0.038833
     0.816513    0.038748
     0.810069    0.038758
     0.804176    0.038664
     0.798625    0.039422
     0.792636    0.040640
     0.785978    0.042057
     0.778536    0.043654
     0.770254    0.045419
     0.761127    0.047381
     0.751167    0.049543
     0.740453    0.051865
     0.729142    0.054343
     0.717355    0.056912
     0.705154    0.059573
     0.692646    0.062322
     0.680010    0.065075
     0.667302    0.067828
     0.654509    0.070598
     0.641676    0.073353
     0.628840    0.076074
     0.615995    0.078792
     0.603157    0.081456
     0.590354    0.084043
     0.577586    0.086586
     0.564795    0.089064
     0.552038    0.091476
     0.539333    0.093828
     0.526821    0.096096
     0.514537    0.098248
     0.502549    0.100229
     0.490759    0.102190
     0.479018    0.104033
     0.467287    0.105853
     0.455510    0.107520
     0.443735    0.109130
     0.432128    0.110650
     0.420741    0.112007
     0.409617    0.113201
     0.398813    0.114360
     0.388196    0.115292
     0.377664    0.116211
     0.367090    0.116928
     0.356388    0.117648
     0.345437    0.118156
     0.334254    0.118579
     0.323076    0.118848
     0.311804    0.118914
     0.300586    0.118835
     0.289371    0.118495
     0.278095    0.117998
     0.266895    0.117309
     0.255710    0.116469
     0.244683    0.115436
     0.233723    0.114178
     0.222851    0.112708
     0.211983    0.111001
     0.201193    0.109205
     0.190545    0.107193
     0.180025    0.104986
     0.169573    0.102584
     0.159319    0.100091
     0.149205    0.097333
     0.139216    0.094446
     0.129486    0.091433
     0.120024    0.088270
     0.110868    0.084992
     0.102045    0.081610
     0.093602    0.078188
     0.085605    0.074736
     0.078067    0.071277
     0.071011    0.067842
     0.064446    0.064456
     0.058368    0.061142
     0.052764    0.057923
     0.047620    0.054813
     0.042914    0.051808
     0.038610    0.048910
     0.034676    0.046120
     0.031078    0.043436
     0.027788    0.040858
     0.024780    0.038378
     0.022029    0.035988
     0.019513    0.033678
     0.017208    0.031440
     0.015097    0.029270
     0.013166    0.027166
     0.011401    0.025125
     0.009795    0.023142
     0.008335    0.021208
     0.007009    0.019315
     0.005807    0.017453
     0.004724    0.015619
     0.003757    0.013815
     0.002903    0.012045
     0.002158    0.010314
     0.001520    0.008628
     0.000994    0.006994
     0.000579    0.005408
     0.000275    0.003863
     0.000082    0.002348
     0.000001    0.000854
     0.000038   -0.000634
     0.000193   -0.002125
     0.000464   -0.003625
     0.000856   -0.005138
     0.001373   -0.006666
     0.002025   -0.008205
     0.002821   -0.009746
     0.003768   -0.011277
     0.004867   -0.012797
     0.006116   -0.014307
     0.007509   -0.015813
     0.009038   -0.017320
     0.010692   -0.018838
     0.012475   -0.020376
     0.014400   -0.021938
     0.016482   -0.023530
     0.018735   -0.025161
     0.021176   -0.026836
     0.023821   -0.028560
     0.026690   -0.030340
     0.029805   -0.032184
     0.033193   -0.034098
     0.036887   -0.036091
     0.040923   -0.038169
     0.045339   -0.040339
     0.050173   -0.042605
     0.055469   -0.044967
     0.061274   -0.047425
     0.067621   -0.049987
     0.074528   -0.052644
     0.082003   -0.055374
     0.090042   -0.058150
     0.098622   -0.060948
     0.107699   -0.063739
     0.117217   -0.066483
     0.127137   -0.069158
     0.137384   -0.071743
     0.147918   -0.074213
     0.158670   -0.076568
     0.169581   -0.078768
     0.180653   -0.080810
     0.191830   -0.082698
     0.203100   -0.084410
     0.214463   -0.085944
     0.225906   -0.087319
     0.237401   -0.088523
     0.248935   -0.089561
     0.260501   -0.090414
     0.272105   -0.091103
     0.283704   -0.091625
     0.295307   -0.091960
     0.306921   -0.092122
     0.318522   -0.092112
     0.330112   -0.091913
     0.341711   -0.091531
     0.353315   -0.090968
     0.364919   -0.090237
     0.376513   -0.089317
     0.388127   -0.088216
     0.399731   -0.086941
     0.411370   -0.085479
     0.422996   -0.083869
     0.434613   -0.082054
     0.446292   -0.080057
     0.457995   -0.077881
     0.469776   -0.075519
     0.481632   -0.072985
     0.493576   -0.070275
     0.505639   -0.067392
     0.517826   -0.064367
     0.530106   -0.061235
     0.542377   -0.058049
     0.554586   -0.054783
     0.566803   -0.051504
     0.579077   -0.048166
     0.591445   -0.044788
     0.603885   -0.041381
     0.616334   -0.038019
     0.628761   -0.034675
     0.641213   -0.031390
     0.653613   -0.028188
     0.665972   -0.025088
     0.678236   -0.022098
     0.690363   -0.019245
     0.702351   -0.016552
     0.714177   -0.014003
     0.725767   -0.011625
     0.737074   -0.009424
     0.748034   -0.007415
     0.758539   -0.005584
     0.768507   -0.003965
     0.777865   -0.002522
     0.786523   -0.001277
     0.794498   -0.000223
     0.801815    0.000704
     0.808395    0.002206
     0.814931    0.004574
     0.822081    0.006906
     0.829838    0.009292
     0.838146    0.011822
     0.846987    0.014388
     0.856257    0.016964
     0.865836    0.019488
     0.875596    0.021926
     0.885387    0.024235
     0.895071    0.026380
     0.904517    0.028334
     0.913610    0.030078
     0.922259    0.031612
     0.930390    0.032948
     0.937947    0.034101
     0.944912    0.035079
     0.951308    0.035897
     0.957160    0.036601
     0.962489    0.037230
     0.967360    0.037749
     0.971836    0.038134
     0.975918    0.038495
     0.979621    0.038967
     0.983051    0.039530
     0.986433    0.039897
     0.989907    0.039811
     0.993382    0.039359
     0.996440    0.039260
     0.998777    0.040234
     0.999745    0.042015
