     0.993752   -0.033139
     0.991621   -0.032370
     0.988194   -0.031138
     0.984446   -0.029796
     0.980326   -0.028329
     0.975780   -0.026718
     0.970746   -0.024942
     0.965159   -0.022969
     0.958947   -0.020757
     0.952041   -0.018270
     0.944384   -0.015483
     0.935945   -0.012375
     0.926726   -0.008959
     0.916824   -0.005272
     0.906378   -0.001338
     0.895530    0.002765
     0.884456    0.007001
     0.873294    0.011278
     0.862214    0.015580
     0.851386    0.019811
     0.841025    0.023869
     0.831308    0.027696
     0.822340    0.031233
     0.814175    0.034488
     0.806753    0.037436
     0.799574    0.039340
     0.791805    0.040787
     0.783362    0.042626
     0.774104    0.044598
     0.764020    0.046755
     0.753200    0.049102
     0.741753    0.051582
     0.729867    0.054184
     0.717656    0.056847
     0.705151    0.059573
     0.692434    0.062368
     0.679661    0.065150
     0.666866    0.067923
     0.654016    0.070704
     0.641150    0.073464
     0.628296    0.076190
     0.615442    0.078907
     0.602604    0.081569
     0.589805    0.084154
     0.577044    0.086691
     0.564264    0.089166
     0.551520    0.091572
     0.538836    0.093920
     0.526353    0.096179
     0.514105    0.098322
     0.502156    0.100293
     0.490405    0.102248
     0.478700    0.104083
     0.467008    0.105895
     0.455269    0.107553
     0.443538    0.109157
     0.431979    0.110669
     0.420644    0.112018
     0.409573    0.113206
     0.398825    0.114359
     0.388265    0.115286
     0.377790    0.116201
     0.367277    0.116915
     0.356636    0.117633
     0.345750    0.118143
     0.334625    0.118566
     0.323501    0.118842
     0.312286    0.118913
     0.301118    0.118845
     0.289961    0.118519
     0.278737    0.118030
     0.267590    0.117358
     0.256452    0.116529
     0.245473    0.115518
     0.234565    0.114282
     0.223743    0.112838
     0.212938    0.111154
     0.202190    0.109381
     0.191596    0.107401
     0.181124    0.105230
     0.170733    0.102853
     0.160516    0.100400
     0.150468    0.097687
     0.140528    0.094835
     0.130842    0.091867
     0.121426    0.088752
     0.112310    0.085524
     0.103530    0.082192
     0.095116    0.078817
     0.087142    0.075417
     0.079623    0.072008
     0.072577    0.068622
     0.066016    0.065283
     0.059934    0.062013
     0.054320    0.058834
     0.049158    0.055760
     0.044427    0.052792
     0.040096    0.049928
     0.036131    0.047169
     0.032500    0.044513
     0.029174    0.041960
     0.026127    0.039505
     0.023335    0.037139
     0.020778    0.034855
     0.018432    0.032644
     0.016279    0.030500
     0.014303    0.028419
     0.012490    0.026400
     0.010831    0.024437
     0.009317    0.022525
     0.007938    0.020658
     0.006685    0.018828
     0.005549    0.017030
     0.004525    0.015261
     0.003609    0.013522
     0.002798    0.011814
     0.002087    0.010139
     0.001476    0.008502
     0.000968    0.006905
     0.000565    0.005345
     0.000268    0.003818
     0.000079    0.002313
     0.000001    0.000821
     0.000040   -0.000670
     0.000199   -0.002168
     0.000477   -0.003681
     0.000877   -0.005210
     0.001408   -0.006757
     0.002078   -0.008317
     0.002897   -0.009880
     0.003874   -0.011434
     0.005006   -0.012975
     0.006291   -0.014506
     0.007722   -0.016030
     0.009287   -0.017554
     0.010976   -0.019090
     0.012797   -0.020644
     0.014763   -0.022222
     0.016889   -0.023832
     0.019190   -0.025480
     0.021681   -0.027172
     0.024380   -0.028913
     0.027304   -0.030710
     0.030476   -0.032570
     0.033925   -0.034501
     0.037684   -0.036509
     0.041788   -0.038602
     0.046272   -0.040785
     0.051176   -0.043061
     0.056542   -0.045431
     0.062415   -0.047895
     0.068825   -0.050459
     0.075786   -0.053114
     0.083305   -0.055835
     0.091377   -0.058597
     0.099978   -0.061376
     0.109061   -0.064143
     0.118576   -0.066860
     0.128483   -0.069508
     0.138708   -0.072063
     0.149215   -0.074506
     0.159931   -0.076833
     0.170805   -0.079002
     0.181839   -0.081019
     0.192974   -0.082881
     0.204203   -0.084567
     0.215526   -0.086079
     0.226927   -0.087433
     0.238380   -0.088618
     0.249869   -0.089637
     0.261393   -0.090472
     0.272953   -0.091148
     0.284506   -0.091655
     0.296065   -0.091976
     0.307634   -0.092127
     0.319189   -0.092106
     0.330735   -0.091897
     0.342289   -0.091507
     0.353850   -0.090938
     0.365409   -0.090202
     0.376960   -0.089277
     0.388531   -0.088175
     0.400093   -0.086898
     0.411692   -0.085437
     0.423275   -0.083828
     0.434854   -0.082014
     0.446495   -0.080021
     0.458163   -0.077849
     0.469909   -0.075491
     0.481734   -0.072963
     0.493649   -0.070258
     0.505686   -0.067381
     0.517849   -0.064361
     0.530106   -0.061235
     0.542356   -0.058055
     0.554543   -0.054795
     0.566738   -0.051522
     0.578990   -0.048189
     0.591337   -0.044818
     0.603754   -0.041417
     0.616178   -0.038061
     0.628573   -0.034725
     0.640986   -0.031450
     0.653334   -0.028259
     0.665624   -0.025174
     0.677791   -0.022204
     0.689787   -0.019377
     0.701593   -0.016718
     0.713171   -0.014216
     0.724430   -0.011893
     0.735307   -0.009760
     0.745718   -0.007831
     0.755577   -0.006089
     0.764787   -0.004556
     0.773330   -0.003216
     0.781174   -0.002029
     0.788282   -0.001022
     0.794756   -0.000228
     0.800715    0.000551
     0.806770    0.000162
     0.813365   -0.000269
     0.820599   -0.000849
     0.828454   -0.001525
     0.836869   -0.002332
     0.845790   -0.003286
     0.855105   -0.004397
     0.864695   -0.005664
     0.874412   -0.007073
     0.884105   -0.008608
     0.893628   -0.010247
     0.902848   -0.011967
     0.911658   -0.013739
     0.919975   -0.015530
     0.927740   -0.017300
     0.934913   -0.019021
     0.941493   -0.020682
     0.947512   -0.022276
     0.953007   -0.023766
     0.958012   -0.025138
     0.962576   -0.026454
     0.966743   -0.027745
     0.970557   -0.028894
     0.974079   -0.029798
     0.977402   -0.030547
     0.980616   -0.031486
     0.983750   -0.032879
     0.986746   -0.034571
     0.989494   -0.035762
     0.991984   -0.035708
     0.993524   -0.034429
