     1.000560    0.040527
     0.997521    0.038344
     0.992813    0.036638
     0.987813    0.036378
     0.982570    0.036576
     0.977186    0.036269
     0.971587    0.035591
     0.965638    0.035046
     0.959298    0.034517
     0.952537    0.033785
     0.945309    0.032913
     0.937608    0.031903
     0.929426    0.030697
     0.920755    0.029287
     0.911621    0.027644
     0.902058    0.025737
     0.892117    0.023559
     0.881877    0.021109
     0.871435    0.018400
     0.860911    0.015468
     0.850438    0.012350
     0.840148    0.009105
     0.830171    0.005766
     0.820580    0.002445
     0.811543   -0.001024
     0.802497   -0.003456
     0.792616   -0.005077
     0.781990   -0.007041
     0.770590   -0.009335
     0.758392   -0.012022
     0.745375   -0.015134
     0.731544   -0.018682
     0.716902   -0.022702
     0.701480   -0.027182
     0.685294   -0.032145
     0.668396   -0.037553
     0.650833   -0.043374
     0.632685   -0.049546
     0.614129   -0.055924
     0.595459   -0.062352
     0.576855   -0.068673
     0.558417   -0.074826
     0.540198   -0.080688
     0.522247   -0.086244
     0.504578   -0.091424
     0.487211   -0.096217
     0.470074   -0.100604
     0.453172   -0.104592
     0.436465   -0.108158
     0.419914   -0.111334
     0.403504   -0.114048
     0.387203   -0.116467
     0.371037   -0.118396
     0.354967   -0.119977
     0.339035   -0.121207
     0.323248   -0.121987
     0.307555   -0.122383
     0.292060   -0.122444
     0.276731   -0.122111
     0.261679   -0.121420
     0.246828   -0.120367
     0.232313   -0.118977
     0.218127   -0.117242
     0.204314   -0.115179
     0.190902   -0.112822
     0.177944   -0.110214
     0.165497   -0.107367
     0.153585   -0.104268
     0.142206   -0.100987
     0.131399   -0.097590
     0.121189   -0.094089
     0.111581   -0.090535
     0.102582   -0.086928
     0.094160   -0.083322
     0.086306   -0.079743
     0.078998   -0.076201
     0.072203   -0.072709
     0.065886   -0.069289
     0.060023   -0.065937
     0.054578   -0.062657
     0.049514   -0.059458
     0.044805   -0.056340
     0.040426   -0.053297
     0.036351   -0.050325
     0.032558   -0.047420
     0.029029   -0.044574
     0.025745   -0.041782
     0.022689   -0.039041
     0.019842   -0.036348
     0.017193   -0.033702
     0.014741   -0.031091
     0.012488   -0.028502
     0.010430   -0.025929
     0.008552   -0.023368
     0.006843   -0.020824
     0.005292   -0.018296
     0.003913   -0.015781
     0.002731   -0.013275
     0.001765   -0.010774
     0.001026   -0.008276
     0.000499   -0.005793
     0.000166   -0.003328
     0.000013   -0.000876
     0.000032    0.001576
     0.000218    0.004052
     0.000561    0.006577
     0.001058    0.009165
     0.001702    0.011819
     0.002493    0.014527
     0.003441    0.017271
     0.004560    0.020039
     0.005864    0.022824
     0.007359    0.025631
     0.009043    0.028469
     0.010908    0.031347
     0.012954    0.034263
     0.015189    0.037219
     0.017623    0.040213
     0.020268    0.043246
     0.023140    0.046318
     0.026254    0.049428
     0.029623    0.052583
     0.033258    0.055789
     0.037175    0.059049
     0.041396    0.062362
     0.045944    0.065727
     0.050846    0.069141
     0.056127    0.072607
     0.061809    0.076125
     0.067922    0.079687
     0.074499    0.083281
     0.081567    0.086902
     0.089152    0.090535
     0.097276    0.094168
     0.105960    0.097764
     0.115235    0.101312
     0.125067    0.104800
     0.135528    0.108120
     0.146550    0.111346
     0.158192    0.114373
     0.170332    0.117258
     0.183034    0.119853
     0.196236    0.122212
     0.209911    0.124280
     0.224042    0.126022
     0.238625    0.127442
     0.253562    0.128599
     0.268851    0.129352
     0.284428    0.129863
     0.300199    0.129944
     0.316276    0.129779
     0.332750    0.129263
     0.349540    0.128409
     0.366639    0.127277
     0.383938    0.125845
     0.401375    0.124119
     0.419062    0.122155
     0.437137    0.119931
     0.455668    0.117431
     0.474505    0.114640
     0.493663    0.111620
     0.513032    0.108377
     0.532544    0.104922
     0.552223    0.101350
     0.572108    0.097539
     0.592135    0.093591
     0.612165    0.089509
     0.632081    0.085337
     0.651724    0.081149
     0.670882    0.076989
     0.689313    0.072939
     0.706796    0.069063
     0.723135    0.065411
     0.738188    0.062022
     0.751936    0.058928
     0.764415    0.056112
     0.775715    0.053586
     0.785913    0.051264
     0.795164    0.049237
     0.803663    0.047382
     0.812392    0.047428
     0.821762    0.047245
     0.831933    0.047165
     0.842922    0.047075
     0.854674    0.046981
     0.867064    0.046890
     0.879886    0.046823
     0.892843    0.046777
     0.905626    0.046759
     0.917945    0.046747
     0.929584    0.046761
     0.940434    0.046794
     0.950452    0.046832
     0.959651    0.046881
     0.968076    0.046921
     0.975796    0.046940
     0.982882    0.046963
     0.989403    0.046990
     0.995419    0.047011
     0.999179    0.047022
