     0.991215   -0.043308
     0.990151   -0.043705
     0.988265   -0.043794
     0.985861   -0.043005
     0.982605   -0.041084
     0.978006   -0.038650
     0.971966   -0.036528
     0.965098   -0.033942
     0.957509   -0.030957
     0.949439   -0.027959
     0.941332   -0.024988
     0.933248   -0.022119
     0.925096   -0.019315
     0.916914   -0.016580
     0.908713   -0.013915
     0.900486   -0.011319
     0.892231   -0.008788
     0.883948   -0.006317
     0.875647   -0.003907
     0.867331   -0.001558
     0.858995    0.000730
     0.850655    0.002953
     0.842278    0.005114
     0.833925    0.007205
     0.825512    0.009237
     0.817219    0.011215
     0.809458    0.012941
     0.802441    0.014572
     0.797668    0.015175
     0.790739    0.015142
     0.782561    0.015080
     0.773866    0.014939
     0.765209    0.014766
     0.756579    0.014533
     0.747905    0.014242
     0.739245    0.013908
     0.730599    0.013518
     0.721945    0.013075
     0.713296    0.012580
     0.704633    0.012037
     0.695981    0.011450
     0.687342    0.010813
     0.678695    0.010125
     0.670039    0.009395
     0.661380    0.008627
     0.652721    0.007824
     0.644087    0.006985
     0.635415    0.006104
     0.626759    0.005206
     0.618129    0.004270
     0.609458    0.003315
     0.600821    0.002345
     0.592175    0.001340
     0.583510    0.000321
     0.574872   -0.000692
     0.566258   -0.001729
     0.557634   -0.002760
     0.549020   -0.003797
     0.540402   -0.004845
     0.531746   -0.005876
     0.523067   -0.006911
     0.514388   -0.007943
     0.505715   -0.008964
     0.497053   -0.009966
     0.488405   -0.010941
     0.479758   -0.011884
     0.471106   -0.012795
     0.462447   -0.013677
     0.453794   -0.014526
     0.445158   -0.015332
     0.436485   -0.016103
     0.427829   -0.016844
     0.419202   -0.017531
     0.410535   -0.018174
     0.401840   -0.018791
     0.393189   -0.019372
     0.384520   -0.019906
     0.375832   -0.020410
     0.367163   -0.020876
     0.358488   -0.021300
     0.349792   -0.021692
     0.341104   -0.022052
     0.332417   -0.022376
     0.323733   -0.022665
     0.315059   -0.022912
     0.306374   -0.023117
     0.297681   -0.023286
     0.288992   -0.023420
     0.280312   -0.023513
     0.271627   -0.023564
     0.262926   -0.023581
     0.254225   -0.023566
     0.245544   -0.023516
     0.236854   -0.023424
     0.228157   -0.023299
     0.219467   -0.023139
     0.210766   -0.022945
     0.202081   -0.022719
     0.193400   -0.022452
     0.184723   -0.022146
     0.176034   -0.021800
     0.167342   -0.021423
     0.158682   -0.021007
     0.150002   -0.020547
     0.141311   -0.020055
     0.132643   -0.019530
     0.123975   -0.018963
     0.115304   -0.018361
     0.106657   -0.017717
     0.098005   -0.017027
     0.089356   -0.016295
     0.080721   -0.015518
     0.072098   -0.014691
     0.063473   -0.013813
     0.054879   -0.012886
     0.046347   -0.011886
     0.037844   -0.010792
     0.029487   -0.009588
     0.021169   -0.008222
     0.013723   -0.006695
     0.007660   -0.005240
     0.002782   -0.003278
     0.001200   -0.002108
     0.000409   -0.001206
     0.000045   -0.000395
     0.000046    0.000406
     0.000411    0.001270
     0.001227    0.002305
     0.002997    0.003852
     0.008073    0.006812
     0.013603    0.009455
     0.021038    0.012619
     0.028724    0.015547
     0.036601    0.018301
     0.044620    0.020890
     0.052717    0.023323
     0.060914    0.025630
     0.069167    0.027823
     0.077451    0.029900
     0.085783    0.031870
     0.094148    0.033742
     0.102550    0.035520
     0.111007    0.037226
     0.119446    0.038847
     0.127913    0.040381
     0.136387    0.041832
     0.144877    0.043193
     0.153445    0.044497
     0.161984    0.045743
     0.170416    0.046866
     0.178983    0.047923
     0.187526    0.048955
     0.196080    0.049898
     0.204655    0.050774
     0.213215    0.051560
     0.221853    0.052321
     0.230414    0.053035
     0.238996    0.053659
     0.247619    0.054214
     0.256203    0.054692
     0.264830    0.055087
     0.273526    0.055448
     0.282124    0.055749
     0.290814    0.055988
     0.299476    0.056196
     0.308051    0.056321
     0.316695    0.056364
     0.325383    0.056379
     0.333977    0.056338
     0.342660    0.056228
     0.351396    0.056104
     0.360005    0.055954
     0.368533    0.055718
     0.377070    0.055504
     0.385550    0.055239
     0.394085    0.054933
     0.402585    0.054637
     0.411120    0.054251
     0.419746    0.053881
     0.428397    0.053489
     0.437077    0.053051
     0.445749    0.052577
     0.454430    0.052087
     0.463117    0.051606
     0.471765    0.051094
     0.480391    0.050534
     0.489016    0.049985
     0.497602    0.049411
     0.506196    0.048825
     0.514801    0.048259
     0.523473    0.047644
     0.532175    0.047014
     0.540858    0.046363
     0.549574    0.045703
     0.558284    0.045040
     0.566973    0.044362
     0.575676    0.043669
     0.584351    0.042973
     0.593023    0.042250
     0.601708    0.041526
     0.610385    0.040784
     0.619090    0.040024
     0.627775    0.039251
     0.636453    0.038473
     0.645126    0.037703
     0.653814    0.036914
     0.662511    0.036121
     0.671186    0.035318
     0.679855    0.034521
     0.688522    0.033722
     0.697220    0.032900
     0.705931    0.032072
     0.714627    0.031246
     0.723294    0.030431
     0.731952    0.029596
     0.740641    0.028753
     0.749346    0.027912
     0.758041    0.027065
     0.766728    0.026211
     0.775405    0.025366
     0.783785    0.024548
     0.792250    0.023654
     0.799124    0.023091
     0.804304    0.021833
     0.811229    0.019469
     0.819247    0.016980
     0.827310    0.014385
     0.835626    0.011715
     0.843917    0.009042
     0.852221    0.006347
     0.860515    0.003637
     0.868820    0.000911
     0.877128   -0.001819
     0.885403   -0.004546
     0.893677   -0.007295
     0.901950   -0.010046
     0.910200   -0.012813
     0.918461   -0.015609
     0.926681   -0.018421
     0.934865   -0.021269
     0.943041   -0.024166
     0.951200   -0.027104
     0.959372   -0.030093
     0.967317   -0.033065
     0.975136   -0.035984
     0.982172   -0.038775
     0.986041   -0.040562
     0.988454   -0.041791
     0.990233   -0.042754
     0.991215   -0.043308
