     1.000000   -0.000673
     0.998437   -0.002303
     0.995491   -0.002530
     0.991965   -0.001451
     0.988094   -0.000219
     0.984162    0.000370
     0.980116    0.000592
     0.975728    0.000962
     0.970809    0.001586
     0.965265    0.002252
     0.959013    0.002870
     0.951938    0.003532
     0.943972    0.004212
     0.935056    0.004840
     0.925169    0.005394
     0.914390    0.005840
     0.902843    0.006121
     0.890656    0.006203
     0.877975    0.006074
     0.864939    0.005722
     0.851658    0.005140
     0.838199    0.004314
     0.824598    0.003256
     0.810914    0.001979
     0.797167    0.000463
     0.783350   -0.001279
     0.769452   -0.003262
     0.755476   -0.005438
     0.741422   -0.007828
     0.727328   -0.010406
     0.713172   -0.013183
     0.698935   -0.016144
     0.684655   -0.019279
     0.670283   -0.022599
     0.655826   -0.026063
     0.641346   -0.029652
     0.626834   -0.033344
     0.612361   -0.037112
     0.597869   -0.040903
     0.583424   -0.044733
     0.569102   -0.048490
     0.554870   -0.052194
     0.540636   -0.055870
     0.526293   -0.059457
     0.511982   -0.062958
     0.497810   -0.066300
     0.483803   -0.069427
     0.469914   -0.072323
     0.456121   -0.074993
     0.442411   -0.077415
     0.428740   -0.079614
     0.415114   -0.081542
     0.401441   -0.083252
     0.387808   -0.084729
     0.374164   -0.085971
     0.360539   -0.086968
     0.346890   -0.087728
     0.333252   -0.088255
     0.319623   -0.088540
     0.305981   -0.088573
     0.292321   -0.088379
     0.278677   -0.087947
     0.265020   -0.087273
     0.251386   -0.086385
     0.237797   -0.085254
     0.224248   -0.083896
     0.210758   -0.082313
     0.197378   -0.080506
     0.184100   -0.078455
     0.170925   -0.076178
     0.157922   -0.073683
     0.145095   -0.070968
     0.132540   -0.068081
     0.120340   -0.065023
     0.108603   -0.061836
     0.097417   -0.058545
     0.086900   -0.055218
     0.077150   -0.051905
     0.068230   -0.048663
     0.060166   -0.045546
     0.052954   -0.042577
     0.046531   -0.039754
     0.040817   -0.037084
     0.035734   -0.034563
     0.031206   -0.032179
     0.027159   -0.029917
     0.023528   -0.027765
     0.020264   -0.025705
     0.017327   -0.023725
     0.014681   -0.021815
     0.012292   -0.019960
     0.010125   -0.018146
     0.008156   -0.016360
     0.006386   -0.014584
     0.004835   -0.012803
     0.003513   -0.011010
     0.002424   -0.009203
     0.001559   -0.007398
     0.000900   -0.005615
     0.000429   -0.003861
     0.000133   -0.002132
     0.000005   -0.000420
     0.000048    0.001290
     0.000254    0.003021
     0.000618    0.004793
     0.001142    0.006625
     0.001827    0.008528
     0.002673    0.010504
     0.003678    0.012542
     0.004850    0.014632
     0.006195    0.016770
     0.007719    0.018954
     0.009437    0.021199
     0.011373    0.023519
     0.013552    0.025933
     0.015997    0.028453
     0.018735    0.031084
     0.021799    0.033833
     0.025235    0.036714
     0.029095    0.039747
     0.033429    0.042948
     0.038293    0.046324
     0.043750    0.049875
     0.049862    0.053594
     0.056684    0.057477
     0.064234    0.061506
     0.072514    0.065630
     0.081506    0.069799
     0.091161    0.073956
     0.101431    0.078049
     0.112209    0.082056
     0.123403    0.085889
     0.134955    0.089522
     0.146838    0.092937
     0.158915    0.096172
     0.171137    0.099059
     0.183569    0.101800
     0.196117    0.104252
     0.208814    0.106414
     0.221681    0.108406
     0.234527    0.110112
     0.247479    0.111525
     0.260551    0.112626
     0.273783    0.113525
     0.287058    0.114151
     0.300305    0.114577
     0.313550    0.114662
     0.326829    0.114551
     0.340043    0.114151
     0.353130    0.113625
     0.365803    0.112855
     0.378276    0.112033
     0.390705    0.110986
     0.403256    0.109853
     0.416187    0.108508
     0.429507    0.107034
     0.443146    0.105333
     0.457001    0.103504
     0.470814    0.101582
     0.484572    0.099502
     0.498318    0.097346
     0.512253    0.095132
     0.526553    0.092727
     0.541158    0.090168
     0.555977    0.087512
     0.570820    0.084770
     0.585653    0.081964
     0.600503    0.079073
     0.615414    0.076096
     0.630368    0.073040
     0.645351    0.069969
     0.660393    0.066840
     0.675425    0.063684
     0.690496    0.060526
     0.705658    0.057306
     0.720767    0.054127
     0.735842    0.050933
     0.751012    0.047747
     0.766186    0.044566
     0.781367    0.041424
     0.796611    0.038304
     0.811901    0.035198
     0.827162    0.032157
     0.842433    0.029145
     0.857646    0.026173
     0.872643    0.023268
     0.887339    0.020492
     0.901648    0.017810
     0.915447    0.015268
     0.928492    0.012908
     0.940531    0.010754
     0.951333    0.008846
     0.960861    0.007202
     0.969175    0.005799
     0.976405    0.004603
     0.982704    0.003559
     0.988218    0.002633
     0.993073    0.001807
     0.997381    0.001066
     1.000000    0.000611
