     1.000033    0.041983
     0.999309    0.038827
     0.996164    0.037617
     0.991679    0.038099
     0.986902    0.038467
     0.982432    0.037985
     0.977936    0.037267
     0.973005    0.036808
     0.967602    0.036421
     0.961781    0.035854
     0.955473    0.035154
     0.948594    0.034376
     0.941120    0.033432
     0.933001    0.032291
     0.924218    0.030941
     0.914789    0.029345
     0.904756    0.027463
     0.894194    0.025283
     0.883227    0.022813
     0.872015    0.020072
     0.860750    0.017113
     0.849646    0.013991
     0.838889    0.010786
     0.828661    0.007554
     0.819037    0.004411
     0.810163    0.001229
     0.801530   -0.000992
     0.792048   -0.002306
     0.781684   -0.003986
     0.770439   -0.005951
     0.758314   -0.008278
     0.745339   -0.010986
     0.731579   -0.014074
     0.717098   -0.017563
     0.701994   -0.021430
     0.686319   -0.025668
     0.670166   -0.030258
     0.653574   -0.035151
     0.636609   -0.040319
     0.619386   -0.045660
     0.601984   -0.051100
     0.584468   -0.056562
     0.567030   -0.061961
     0.549769   -0.067175
     0.532729   -0.072168
     0.515972   -0.076883
     0.499503   -0.081323
     0.483316   -0.085402
     0.467373   -0.089150
     0.451664   -0.092544
     0.436164   -0.095565
     0.420876   -0.098262
     0.405797   -0.100528
     0.390827   -0.102598
     0.375727   -0.104275
     0.360552   -0.105664
     0.345351   -0.106770
     0.330163   -0.107507
     0.314937   -0.107889
     0.299762   -0.107989
     0.284619   -0.107722
     0.269615   -0.107154
     0.254652   -0.106226
     0.239877   -0.105001
     0.225276   -0.103438
     0.210889   -0.101550
     0.196748   -0.099364
     0.182921   -0.096903
     0.169483   -0.094169
     0.156465   -0.091155
     0.143904   -0.087933
     0.131898   -0.084558
     0.120512   -0.081070
     0.109810   -0.077495
     0.099804   -0.073891
     0.090521   -0.070308
     0.081957   -0.066771
     0.074087   -0.063314
     0.066878   -0.059956
     0.060283   -0.056704
     0.054251   -0.053573
     0.048736   -0.050563
     0.043690   -0.047663
     0.039068   -0.044867
     0.034827   -0.042168
     0.030933   -0.039555
     0.027351   -0.037022
     0.024048   -0.034561
     0.020998   -0.032170
     0.018188   -0.029836
     0.015609   -0.027543
     0.013248   -0.025281
     0.011088   -0.023044
     0.009110   -0.020830
     0.007300   -0.018636
     0.005657   -0.016456
     0.004208   -0.014279
     0.002972   -0.012099
     0.001963   -0.009910
     0.001181   -0.007720
     0.000609   -0.005543
     0.000230   -0.003387
     0.000033   -0.001246
     0.000014    0.000890
     0.000169    0.003044
     0.000489    0.005241
     0.000969    0.007499
     0.001605    0.009827
     0.002390    0.012223
     0.003326    0.014669
     0.004422    0.017152
     0.005689    0.019663
     0.007140    0.022198
     0.008785    0.024769
     0.010628    0.027386
     0.012671    0.030060
     0.014917    0.032793
     0.017382    0.035586
     0.020082    0.038442
     0.023038    0.041364
     0.026275    0.044356
     0.029819    0.047422
     0.033695    0.050572
     0.037929    0.053814
     0.042555    0.057152
     0.047613    0.060583
     0.053143    0.064108
     0.059188    0.067727
     0.065785    0.071438
     0.072971    0.075226
     0.080786    0.079072
     0.089252    0.082952
     0.098391    0.086843
     0.108180    0.090714
     0.118646    0.094501
     0.129694    0.098202
     0.141388    0.101710
     0.153586    0.105051
     0.166322    0.108190
     0.179441    0.111075
     0.192953    0.113671
     0.206798    0.115965
     0.220930    0.117971
     0.235309    0.119616
     0.249940    0.120973
     0.264741    0.121975
     0.279742    0.122663
     0.294764    0.123103
     0.309931    0.123136
     0.325313    0.122903
     0.340967    0.122384
     0.356801    0.121539
     0.372802    0.120456
     0.388899    0.119134
     0.405021    0.117554
     0.420980    0.115818
     0.436661    0.113955
     0.452112    0.111890
     0.467838    0.109681
     0.484177    0.107207
     0.501064    0.104519
     0.518322    0.101638
     0.535842    0.098543
     0.553569    0.095353
     0.571528    0.091956
     0.589676    0.088425
     0.607915    0.084769
     0.626197    0.080998
     0.644446    0.077169
     0.662485    0.073326
     0.680159    0.069527
     0.697285    0.065807
     0.713661    0.062230
     0.729083    0.058859
     0.743378    0.055718
     0.756412    0.052865
     0.768164    0.050300
     0.778702    0.048024
     0.788097    0.045952
     0.796510    0.044189
     0.804234    0.042869
     0.812383    0.042868
     0.821365    0.042893
     0.831325    0.042885
     0.842346    0.042915
     0.854435    0.042949
     0.867451    0.042993
     0.881165    0.043086
     0.895199    0.043206
     0.909125    0.043361
     0.922534    0.043526
     0.935112    0.043718
     0.946674    0.043907
     0.957154    0.044107
     0.966583    0.044302
     0.975039    0.044473
     0.982624    0.044629
     0.989448    0.044773
     0.995610    0.044896
     0.999399    0.044969
