     0.999882    0.041700
     0.998701    0.039141
     0.995882    0.037955
     0.992247    0.038287
     0.988224    0.038909
     0.984283    0.038824
     0.980406    0.038175
     0.976350    0.037512
     0.971907    0.037116
     0.967044    0.036776
     0.961759    0.036242
     0.955971    0.035556
     0.949582    0.034808
     0.942539    0.033914
     0.934769    0.032810
     0.926217    0.031489
     0.916883    0.029914
     0.906800    0.028044
     0.896054    0.025856
     0.884788    0.023359
     0.873210    0.020581
     0.861565    0.017581
     0.850122    0.014429
     0.839115    0.011211
     0.828761    0.008005
     0.819142    0.004947
     0.810400    0.001872
     0.802039   -0.000364
     0.792773   -0.001577
     0.782509   -0.003108
     0.771256   -0.004924
     0.759030   -0.007070
     0.745926   -0.009570
     0.732052   -0.012409
     0.717536   -0.015599
     0.702493   -0.019119
     0.687006   -0.022944
     0.671147   -0.027074
     0.654932   -0.031462
     0.638406   -0.036093
     0.621592   -0.040911
     0.604563   -0.045857
     0.587468   -0.050851
     0.570445   -0.055792
     0.553602   -0.060606
     0.536976   -0.065256
     0.520600   -0.069677
     0.504497   -0.073871
     0.488685   -0.077768
     0.473090   -0.081352
     0.457673   -0.084624
     0.442405   -0.087569
     0.427217   -0.090207
     0.412125   -0.092491
     0.397009   -0.094512
     0.381973   -0.096191
     0.366931   -0.097580
     0.351899   -0.098661
     0.336905   -0.099429
     0.321918   -0.099866
     0.306936   -0.100010
     0.291982   -0.099829
     0.277070   -0.099369
     0.262197   -0.098558
     0.247403   -0.097486
     0.232716   -0.096091
     0.218155   -0.094399
     0.203745   -0.092414
     0.189545   -0.090145
     0.175599   -0.087594
     0.161953   -0.084771
     0.148655   -0.081696
     0.135797   -0.078435
     0.123488   -0.075020
     0.111825   -0.071491
     0.100876   -0.067901
     0.090705   -0.064310
     0.081344   -0.060766
     0.072797   -0.057310
     0.065038   -0.053972
     0.058016   -0.050774
     0.051678   -0.047722
     0.045960   -0.044807
     0.040793   -0.042022
     0.036115   -0.039360
     0.031873   -0.036809
     0.028015   -0.034358
     0.024498   -0.031998
     0.021285   -0.029720
     0.018352   -0.027507
     0.015679   -0.025349
     0.013242   -0.023234
     0.011020   -0.021154
     0.008991   -0.019103
     0.007140   -0.017072
     0.005482   -0.015049
     0.004040   -0.013020
     0.002827   -0.010980
     0.001848   -0.008928
     0.001093   -0.006878
     0.000545   -0.004847
     0.000189   -0.002836
     0.000018   -0.000841
     0.000030    0.001153
     0.000221    0.003169
     0.000583    0.005229
     0.001114    0.007354
     0.001812    0.009553
     0.002670    0.011823
     0.003689    0.014151
     0.004876    0.016522
     0.006237    0.018930
     0.007785    0.021375
     0.009533    0.023867
     0.011496    0.026423
     0.013683    0.029053
     0.016106    0.031764
     0.018786    0.034557
     0.021746    0.037436
     0.025019    0.040413
     0.028639    0.043496
     0.032643    0.046697
     0.037074    0.050024
     0.041975    0.053484
     0.047398    0.057076
     0.053396    0.060800
     0.060019    0.064657
     0.067308    0.068634
     0.075299    0.072704
     0.084016    0.076836
     0.093459    0.080986
     0.103619    0.085127
     0.114422    0.089194
     0.125845    0.093147
     0.137803    0.096892
     0.150276    0.100479
     0.163131    0.103796
     0.176378    0.106873
     0.189877    0.109662
     0.203635    0.112131
     0.217654    0.114317
     0.231778    0.116189
     0.246097    0.117711
     0.260579    0.118891
     0.275254    0.119773
     0.290082    0.120383
     0.304951    0.120625
     0.320034    0.120568
     0.335254    0.120179
     0.350655    0.119536
     0.366192    0.118580
     0.381826    0.117414
     0.397512    0.116011
     0.413205    0.114373
     0.428911    0.112580
     0.444536    0.110568
     0.460221    0.108451
     0.476230    0.106059
     0.492570    0.103495
     0.509112    0.100785
     0.525842    0.097908
     0.542785    0.094854
     0.559867    0.091696
     0.577075    0.088391
     0.594352    0.084973
     0.611647    0.081457
     0.628936    0.077841
     0.646191    0.074196
     0.663341    0.070517
     0.680250    0.066866
     0.696841    0.063251
     0.712917    0.059733
     0.728218    0.056398
     0.742559    0.053253
     0.755734    0.050385
     0.767615    0.047803
     0.778211    0.045530
     0.787567    0.043495
     0.795828    0.041770
     0.803264    0.040357
     0.811017    0.040417
     0.819639    0.040448
     0.829341    0.040496
     0.840224    0.040557
     0.852313    0.040645
     0.865432    0.040747
     0.879279    0.040908
     0.893455    0.041101
     0.907495    0.041337
     0.920964    0.041586
     0.933516    0.041862
     0.944929    0.042130
     0.955132    0.042404
     0.964187    0.042676
     0.972198    0.042934
     0.979295    0.043169
     0.985608    0.043376
     0.991251    0.043554
     0.996324    0.043706
     0.999437    0.043796
