     0.993405   -0.028260
     0.988291   -0.025482
     0.979907   -0.020949
     0.970543   -0.015925
     0.960049   -0.010350
     0.948291   -0.004158
     0.935216    0.002700
     0.920938    0.010173
     0.905788    0.018145
     0.890260    0.026355
     0.874986    0.034447
     0.860537    0.042108
     0.847272    0.049151
     0.835312    0.055509
     0.824565    0.061230
     0.814470    0.065953
     0.803331    0.069186
     0.790770    0.072801
     0.776439    0.076886
     0.760102    0.081539
     0.741629    0.086770
     0.721105    0.092561
     0.698776    0.098799
     0.675021    0.105372
     0.650082    0.112183
     0.624403    0.119089
     0.598502    0.125909
     0.572708    0.132528
     0.547329    0.138841
     0.522494    0.144794
     0.498359    0.150333
     0.474962    0.155432
     0.452352    0.160057
     0.430499    0.164208
     0.409430    0.167881
     0.389134    0.171087
     0.369585    0.173814
     0.350774    0.176079
     0.332689    0.177915
     0.315342    0.179309
     0.298689    0.180280
     0.282720    0.180860
     0.267446    0.181067
     0.252832    0.180899
     0.238850    0.180386
     0.225482    0.179547
     0.212703    0.178400
     0.200494    0.176956
     0.188822    0.175224
     0.177655    0.173214
     0.166964    0.170951
     0.156732    0.168446
     0.146939    0.165714
     0.137569    0.162764
     0.128599    0.159616
     0.120023    0.156293
     0.111830    0.152804
     0.104011    0.149166
     0.096561    0.145387
     0.089473    0.141467
     0.082730    0.137415
     0.076315    0.133257
     0.070229    0.129001
     0.064468    0.124651
     0.059021    0.120211
     0.053873    0.115698
     0.049016    0.111130
     0.044450    0.106510
     0.040161    0.101851
     0.036138    0.097172
     0.032380    0.092480
     0.028883    0.087781
     0.025634    0.083085
     0.022627    0.078405
     0.019861    0.073745
     0.017325    0.069110
     0.014995    0.064516
     0.012853    0.059979
     0.010891    0.055509
     0.009108    0.051112
     0.007529    0.046787
     0.006183    0.042518
     0.005067    0.038298
     0.004159    0.034132
     0.003430    0.030022
     0.002820    0.025980
     0.002262    0.022023
     0.001718    0.018169
     0.001206    0.014424
     0.000750    0.010783
     0.000373    0.007239
     0.000112    0.003772
     0.000001    0.000341
     0.000068   -0.003114
     0.000290   -0.006653
     0.000633   -0.010313
     0.001058   -0.014097
     0.001552   -0.017984
     0.002112   -0.021957
     0.002741   -0.026004
     0.003483   -0.030115
     0.004395   -0.034277
     0.005518   -0.038486
     0.006859   -0.042740
     0.008420   -0.047038
     0.010193   -0.051384
     0.012165   -0.055784
     0.014325   -0.060235
     0.016682   -0.064728
     0.019245   -0.069251
     0.022035   -0.073786
     0.025077   -0.078319
     0.028383   -0.082845
     0.031959   -0.087361
     0.035811   -0.091864
     0.039947   -0.096351
     0.044370   -0.100821
     0.049084   -0.105269
     0.054101   -0.109682
     0.059435   -0.114050
     0.065097   -0.118365
     0.071101   -0.122614
     0.077465   -0.126788
     0.084200   -0.130885
     0.091319   -0.134895
     0.098840   -0.138811
     0.106774   -0.142628
     0.115131   -0.146337
     0.123918   -0.149931
     0.133136   -0.153388
     0.142800   -0.156683
     0.152910   -0.159809
     0.163465   -0.162735
     0.174478   -0.165444
     0.185930   -0.167941
     0.197800   -0.170183
     0.210085   -0.172155
     0.222755   -0.173833
     0.235804   -0.175198
     0.249206   -0.176225
     0.262957   -0.176904
     0.277038   -0.177220
     0.291426   -0.177152
     0.306134   -0.176694
     0.321134   -0.175833
     0.336411   -0.174566
     0.351960   -0.172880
     0.367766   -0.170757
     0.383822   -0.168197
     0.400143   -0.165175
     0.416728   -0.161684
     0.433628   -0.157682
     0.450900   -0.153139
     0.468643   -0.148052
     0.486899   -0.142403
     0.505694   -0.136190
     0.525043   -0.129407
     0.544958   -0.122049
     0.565413   -0.114128
     0.586382   -0.105691
     0.607679   -0.096866
     0.628926   -0.087866
     0.649549   -0.079049
     0.668911   -0.070784
     0.686643   -0.063304
     0.702657   -0.056695
     0.717083   -0.050916
     0.730062   -0.045872
     0.741786   -0.041485
     0.752402   -0.037660
     0.762063   -0.034320
     0.770887   -0.031389
     0.778973   -0.028814
     0.786427   -0.026534
     0.793299   -0.024473
     0.799641   -0.022670
     0.805547   -0.021032
     0.811469   -0.020634
     0.817694   -0.020427
     0.824297   -0.020375
     0.831276   -0.020391
     0.838600   -0.020496
     0.846264   -0.020737
     0.854261   -0.021133
     0.862556   -0.021698
     0.871109   -0.022452
     0.879875   -0.023423
     0.888803   -0.024621
     0.897839   -0.026052
     0.906920   -0.027715
     0.915985   -0.029609
     0.924974   -0.031730
     0.933836   -0.034067
     0.942515   -0.036610
     0.950961   -0.039398
     0.959168   -0.042473
     0.967133   -0.045855
     0.974887   -0.049564
     0.982494   -0.053486
     0.987473   -0.056169
