     0.990594   -0.041053
     0.988773   -0.040290
     0.985933   -0.039122
     0.982947   -0.037925
     0.979798   -0.036697
     0.976467   -0.035434
     0.972929   -0.034135
     0.969158   -0.032796
     0.965118   -0.031415
     0.960770   -0.029989
     0.956065   -0.028516
     0.950948   -0.026995
     0.945351   -0.025428
     0.939206   -0.023821
     0.932448   -0.022182
     0.925029   -0.020517
     0.916936   -0.018839
     0.908217   -0.017163
     0.898988   -0.015502
     0.889427   -0.013868
     0.879728   -0.012283
     0.870070   -0.010794
     0.860599   -0.009436
     0.851409   -0.008230
     0.842548   -0.007187
     0.834036   -0.006286
     0.825952   -0.005438
     0.818437   -0.004575
     0.811599   -0.003672
     0.805403   -0.002941
     0.799584   -0.002716
     0.793767   -0.003148
     0.787580   -0.004077
     0.780715   -0.005250
     0.773028   -0.006412
     0.764557   -0.007543
     0.755430   -0.008680
     0.745768   -0.009904
     0.735567   -0.011302
     0.724742   -0.012886
     0.713218   -0.014651
     0.700969   -0.016569
     0.688075   -0.018589
     0.674727   -0.020667
     0.661128   -0.022776
     0.647430   -0.024901
     0.633696   -0.027033
     0.619949   -0.029164
     0.606206   -0.031279
     0.592488   -0.033367
     0.578813   -0.035418
     0.565197   -0.037423
     0.551648   -0.039376
     0.538169   -0.041272
     0.524762   -0.043105
     0.511430   -0.044869
     0.498178   -0.046558
     0.485013   -0.048167
     0.471937   -0.049689
     0.458942   -0.051119
     0.446016   -0.052453
     0.433140   -0.053689
     0.420307   -0.054826
     0.407524   -0.055861
     0.394813   -0.056792
     0.382197   -0.057611
     0.369681   -0.058310
     0.357245   -0.058883
     0.344845   -0.059324
     0.332430   -0.059635
     0.319963   -0.059824
     0.307434   -0.059899
     0.294857   -0.059865
     0.282264   -0.059724
     0.269685   -0.059476
     0.257149   -0.059119
     0.244678   -0.058656
     0.232291   -0.058084
     0.219997   -0.057399
     0.207801   -0.056599
     0.195698   -0.055682
     0.183693   -0.054649
     0.171814   -0.053508
     0.160111   -0.052271
     0.148656   -0.050951
     0.137530   -0.049554
     0.126827   -0.048082
     0.116628   -0.046546
     0.106992   -0.044959
     0.097953   -0.043338
     0.089532   -0.041702
     0.081744   -0.040072
     0.074583   -0.038466
     0.068020   -0.036891
     0.062008   -0.035349
     0.056490   -0.033839
     0.051411   -0.032360
     0.046729   -0.030911
     0.042413   -0.029490
     0.038436   -0.028100
     0.034770   -0.026743
     0.031388   -0.025420
     0.028264   -0.024132
     0.025380   -0.022866
     0.022717   -0.021605
     0.020256   -0.020339
     0.017978   -0.019059
     0.015867   -0.017759
     0.013906   -0.016442
     0.012085   -0.015114
     0.010392   -0.013783
     0.008811   -0.012441
     0.007332   -0.011080
     0.005963   -0.009703
     0.004715   -0.008316
     0.003595   -0.006923
     0.002605   -0.005524
     0.001744   -0.004117
     0.001014   -0.002699
     0.000415   -0.001267
    -0.000052    0.000185
    -0.000386    0.001659
    -0.000596    0.003153
    -0.000690    0.004664
    -0.000672    0.006189
    -0.000546    0.007723
    -0.000315    0.009264
     0.000023    0.010807
     0.000469    0.012348
     0.001025    0.013880
     0.001697    0.015396
     0.002485    0.016898
     0.003378    0.018406
     0.004356    0.019946
     0.005419    0.021519
     0.006576    0.023122
     0.007836    0.024745
     0.009216    0.026385
     0.010725    0.028044
     0.012373    0.029729
     0.014172    0.031448
     0.016133    0.033210
     0.018268    0.035027
     0.020584    0.036910
     0.023093    0.038869
     0.025813    0.040907
     0.028762    0.043023
     0.031959    0.045219
     0.035421    0.047491
     0.039165    0.049839
     0.043210    0.052260
     0.047582    0.054760
     0.052319    0.057342
     0.057462    0.060013
     0.063056    0.062775
     0.069137    0.065630
     0.075733    0.068570
     0.082856    0.071580
     0.090504    0.074641
     0.098660    0.077729
     0.107300    0.080821
     0.116384    0.083887
     0.125858    0.086898
     0.135662    0.089831
     0.145741    0.092668
     0.156059    0.095400
     0.166590    0.098017
     0.177312    0.100510
     0.188202    0.102870
     0.199239    0.105094
     0.210408    0.107178
     0.221693    0.109119
     0.233083    0.110917
     0.244569    0.112573
     0.256144    0.114086
     0.267800    0.115457
     0.279524    0.116687
     0.291291    0.117773
     0.303068    0.118717
     0.314822    0.119512
     0.326534    0.120154
     0.338210    0.120637
     0.349874    0.120956
     0.361566    0.121110
     0.373325    0.121105
     0.385170    0.120946
     0.397104    0.120639
     0.409113    0.120189
     0.421171    0.119599
     0.433264    0.118869
     0.445390    0.118001
     0.457556    0.116994
     0.469779    0.115851
     0.482072    0.114575
     0.494440    0.113169
     0.506882    0.111640
     0.519391    0.109991
     0.531954    0.108226
     0.544556    0.106351
     0.557174    0.104372
     0.569790    0.102294
     0.582399    0.100118
     0.595017    0.097841
     0.607683    0.095455
     0.620443    0.092958
     0.633306    0.090359
     0.646217    0.087682
     0.659053    0.084968
     0.671668    0.082242
     0.683978    0.079505
     0.695976    0.076743
     0.707712    0.073936
     0.719253    0.071099
     0.730581    0.068311
     0.741576    0.065669
     0.752063    0.063264
     0.761886    0.061129
     0.770990    0.059157
     0.779448    0.057231
     0.787382    0.055260
     0.794918    0.053165
     0.802177    0.050869
     0.809285    0.048286
     0.816388    0.045362
     0.823639    0.042078
     0.831191    0.038405
     0.839202    0.034317
     0.847825    0.029814
     0.857156    0.024973
     0.867102    0.019936
     0.877412    0.014820
     0.887817    0.009730
     0.898113    0.004727
     0.908191   -0.000167
     0.917918   -0.004901
     0.927058   -0.009364
     0.935397   -0.013451
     0.942842   -0.017115
     0.949422   -0.020369
     0.955240   -0.023258
     0.960421   -0.025840
     0.965080   -0.028169
     0.969308   -0.030289
     0.973180   -0.032236
     0.976753   -0.034036
     0.980073   -0.035714
     0.983176   -0.037284
     0.986091   -0.038763
     0.988841   -0.040161
     0.990594   -0.041053
