     1.001887    0.034718
     0.997640    0.034257
     0.991072    0.033850
     0.984225    0.033715
     0.977041    0.033454
     0.969431    0.032905
     0.961394    0.032227
     0.952974    0.031335
     0.944146    0.030209
     0.934950    0.028859
     0.925432    0.027249
     0.915636    0.025372
     0.905635    0.023234
     0.895508    0.020817
     0.885329    0.018141
     0.875185    0.015230
     0.865166    0.012129
     0.855363    0.008883
     0.845870    0.005549
     0.836757    0.002152
     0.828051   -0.001188
     0.819908   -0.004628
     0.812157   -0.007883
     0.803979   -0.010040
     0.795138   -0.011855
     0.785630   -0.014008
     0.775346   -0.016518
     0.764249   -0.019423
     0.752258   -0.022770
     0.739318   -0.026600
     0.725389   -0.030953
     0.710428   -0.035883
     0.694393   -0.041417
     0.677263   -0.047582
     0.659040   -0.054351
     0.639820   -0.061642
     0.619866   -0.069292
     0.599633   -0.077029
     0.579552   -0.084600
     0.559875   -0.091822
     0.540715   -0.098607
     0.522053   -0.104917
     0.503871   -0.110728
     0.486124   -0.116074
     0.468756   -0.120922
     0.451707   -0.125318
     0.434945   -0.129262
     0.418444   -0.132764
     0.402179   -0.135840
     0.386112   -0.138488
     0.370284   -0.140737
     0.354644   -0.142571
     0.339214   -0.144007
     0.324011   -0.145054
     0.309025   -0.145704
     0.294273   -0.145989
     0.279795   -0.145903
     0.265579   -0.145445
     0.251678   -0.144653
     0.238085   -0.143511
     0.224839   -0.142044
     0.211947   -0.140264
     0.199436   -0.138186
     0.187315   -0.135823
     0.175601   -0.133203
     0.164316   -0.130338
     0.153459   -0.127247
     0.143047   -0.123960
     0.133084   -0.120494
     0.123571   -0.116883
     0.114520   -0.113157
     0.105929   -0.109332
     0.097794   -0.105436
     0.090110   -0.101494
     0.082866   -0.097524
     0.076047   -0.093551
     0.069645   -0.089591
     0.063642   -0.085650
     0.058016   -0.081747
     0.052753   -0.077889
     0.047837   -0.074077
     0.043246   -0.070316
     0.038958   -0.066614
     0.034957   -0.062972
     0.031229   -0.059391
     0.027760   -0.055866
     0.024539   -0.052394
     0.021552   -0.048973
     0.018788   -0.045599
     0.016235   -0.042272
     0.013883   -0.038990
     0.011728   -0.035750
     0.009767   -0.032548
     0.007998   -0.029378
     0.006417   -0.026238
     0.005014   -0.023129
     0.003782   -0.020054
     0.002721   -0.017014
     0.001834   -0.014010
     0.001128   -0.011043
     0.000602   -0.008108
     0.000247   -0.005205
     0.000049   -0.002325
     0.000002    0.000552
     0.000103    0.003451
     0.000349    0.006398
     0.000742    0.009410
     0.001285    0.012491
     0.001981    0.015627
     0.002838    0.018806
     0.003864    0.022020
     0.005067    0.025268
     0.006450    0.028555
     0.008014    0.031884
     0.009761    0.035253
     0.011695    0.038661
     0.013821    0.042107
     0.016147    0.045592
     0.018683    0.049115
     0.021438    0.052674
     0.024422    0.056270
     0.027646    0.059902
     0.031121    0.063570
     0.034859    0.067274
     0.038872    0.071013
     0.043174    0.074785
     0.047780    0.078587
     0.052705    0.082414
     0.057966    0.086258
     0.063582    0.090109
     0.069570    0.093960
     0.075943    0.097806
     0.082714    0.101633
     0.089900    0.105419
     0.097518    0.109150
     0.105576    0.112812
     0.114084    0.116378
     0.123060    0.119823
     0.132508    0.123141
     0.142432    0.126298
     0.152843    0.129288
     0.163729    0.132077
     0.175110    0.134638
     0.186986    0.136960
     0.199370    0.139014
     0.212269    0.140794
     0.225703    0.142272
     0.239678    0.143466
     0.254190    0.144333
     0.269254    0.144887
     0.284853    0.145105
     0.301016    0.144965
     0.317735    0.144475
     0.335023    0.143639
     0.352855    0.142440
     0.371222    0.140887
     0.390117    0.138977
     0.409514    0.136714
     0.429414    0.134108
     0.449781    0.131161
     0.470579    0.127890
     0.491814    0.124288
     0.513449    0.120384
     0.535448    0.116217
     0.557677    0.111830
     0.580018    0.107233
     0.602339    0.102487
     0.624429    0.097650
     0.646038    0.092803
     0.666848    0.088032
     0.686541    0.083432
     0.704829    0.079110
     0.721515    0.075111
     0.736557    0.071476
     0.750007    0.068208
     0.761981    0.065284
     0.772638    0.062685
     0.782143    0.060337
     0.790689    0.058262
     0.798487    0.056385
     0.805758    0.054788
     0.813443    0.054615
     0.821783    0.054322
     0.830934    0.054056
     0.840973    0.053742
     0.851952    0.053412
     0.863837    0.053065
     0.876505    0.052712
     0.889711    0.052361
     0.903107    0.052028
     0.916309    0.051724
     0.928978    0.051469
     0.940888    0.051254
     0.951903    0.051072
     0.961995    0.050922
     0.971200    0.050776
     0.979590    0.050633
     0.987243    0.050500
     0.994239    0.050367
     0.998580    0.050279
