     0.987217   -0.050722
     0.985747   -0.050019
     0.983225   -0.048829
     0.980183   -0.047419
     0.976410   -0.045709
     0.971707   -0.043638
     0.966017   -0.041219
     0.959362   -0.038506
     0.951901   -0.035605
     0.943925   -0.032663
     0.935620   -0.029773
     0.927074   -0.026970
     0.918327   -0.024257
     0.909393   -0.021620
     0.900305   -0.019046
     0.891069   -0.016521
     0.881751   -0.014034
     0.872406   -0.011608
     0.863034   -0.009235
     0.853697   -0.006930
     0.844446   -0.004709
     0.835412   -0.002599
     0.826825   -0.000653
     0.819032    0.001102
     0.812419    0.002537
     0.806820    0.003663
     0.802188    0.004781
     0.798299    0.005497
     0.794188    0.005209
     0.789173    0.004897
     0.783137    0.004595
     0.775890    0.004122
     0.767493    0.003581
     0.758362    0.002974
     0.748795    0.002311
     0.739030    0.001610
     0.729174    0.000885
     0.719286    0.000133
     0.709351   -0.000639
     0.699405   -0.001422
     0.689459   -0.002218
     0.679503   -0.003030
     0.669529   -0.003847
     0.659554   -0.004669
     0.649571   -0.005494
     0.639594   -0.006322
     0.629616   -0.007147
     0.619627   -0.007969
     0.609642   -0.008789
     0.599671   -0.009608
     0.589713   -0.010420
     0.579749   -0.011227
     0.569792   -0.012025
     0.559830   -0.012815
     0.549885   -0.013592
     0.539950   -0.014352
     0.530013   -0.015097
     0.520089   -0.015825
     0.510183   -0.016543
     0.500332   -0.017229
     0.490455   -0.017896
     0.480598   -0.018538
     0.470692   -0.019156
     0.460806   -0.019759
     0.450953   -0.020325
     0.441080   -0.020859
     0.431203   -0.021368
     0.421344   -0.021854
     0.411561   -0.022297
     0.401772   -0.022710
     0.392032   -0.023100
     0.382254   -0.023449
     0.372504   -0.023774
     0.362689   -0.024046
     0.352872   -0.024295
     0.343078   -0.024491
     0.333223   -0.024646
     0.323366   -0.024774
     0.313482   -0.024862
     0.303547   -0.024933
     0.293645   -0.024986
     0.283732   -0.025006
     0.273820   -0.025009
     0.263913   -0.024977
     0.253967   -0.024928
     0.244038   -0.024862
     0.234108   -0.024774
     0.224223   -0.024670
     0.214371   -0.024520
     0.204484   -0.024342
     0.194610   -0.024135
     0.184751   -0.023903
     0.174927   -0.023625
     0.165053   -0.023326
     0.155210   -0.023003
     0.145370   -0.022645
     0.135555   -0.022256
     0.125800   -0.021828
     0.116100   -0.021350
     0.106471   -0.020811
     0.096897   -0.020203
     0.087392   -0.019521
     0.077984   -0.018763
     0.068738   -0.017923
     0.059742   -0.016993
     0.051106   -0.015968
     0.043027   -0.014864
     0.035697   -0.013703
     0.029303   -0.012543
     0.023931   -0.011407
     0.019502   -0.010286
     0.015845   -0.009149
     0.012781   -0.007997
     0.010172   -0.006860
     0.007920   -0.005759
     0.005974   -0.004687
     0.004333   -0.003601
     0.002982   -0.002489
     0.001891   -0.001352
     0.001030   -0.000204
     0.000374    0.000925
    -0.000099    0.002025
    -0.000404    0.003099
    -0.000547    0.004152
    -0.000524    0.005197
    -0.000337    0.006251
     0.000008    0.007330
     0.000517    0.008450
     0.001206    0.009624
     0.002093    0.010859
     0.003193    0.012149
     0.004541    0.013490
     0.006171    0.014887
     0.008109    0.016362
     0.010387    0.017963
     0.013100    0.019720
     0.016387    0.021653
     0.020419    0.023786
     0.025340    0.026168
     0.031140    0.028792
     0.037712    0.031530
     0.044970    0.034311
     0.052741    0.037064
     0.060868    0.039729
     0.069271    0.042287
     0.077889    0.044732
     0.086672    0.047065
     0.095589    0.049289
     0.104614    0.051406
     0.113729    0.053423
     0.122915    0.055341
     0.132171    0.057166
     0.141490    0.058905
     0.150859    0.060560
     0.160274    0.062136
     0.169722    0.063636
     0.179193    0.065058
     0.188696    0.066404
     0.198228    0.067681
     0.207777    0.068887
     0.217346    0.070023
     0.226938    0.071092
     0.236547    0.072095
     0.246181    0.073036
     0.255829    0.073917
     0.265487    0.074736
     0.275167    0.075496
     0.284861    0.076202
     0.294562    0.076851
     0.304266    0.077446
     0.313964    0.077984
     0.323657    0.078465
     0.333331    0.078884
     0.342997    0.079238
     0.352652    0.079524
     0.362321    0.079741
     0.372015    0.079896
     0.381717    0.079991
     0.391443    0.080027
     0.401191    0.080013
     0.410930    0.079945
     0.420692    0.079824
     0.430466    0.079658
     0.440226    0.079443
     0.449996    0.079177
     0.459766    0.078865
     0.469541    0.078504
     0.479326    0.078097
     0.489116    0.077646
     0.498911    0.077153
     0.508699    0.076619
     0.518480    0.076041
     0.528254    0.075419
     0.538031    0.074751
     0.547816    0.074043
     0.557574    0.073292
     0.567350    0.072494
     0.577102    0.071657
     0.586860    0.070771
     0.596613    0.069846
     0.606340    0.068875
     0.616087    0.067851
     0.625835    0.066790
     0.635578    0.065682
     0.645332    0.064535
     0.655075    0.063347
     0.664821    0.062118
     0.674562    0.060850
     0.684296    0.059545
     0.694014    0.058200
     0.703728    0.056811
     0.713448    0.055382
     0.723160    0.053914
     0.732869    0.052407
     0.742559    0.050867
     0.752220    0.049295
     0.761757    0.047714
     0.771077    0.046134
     0.779863    0.044632
     0.787860    0.043201
     0.794906    0.042024
     0.800697    0.041033
     0.805632    0.039787
     0.810289    0.037956
     0.815335    0.035459
     0.821382    0.032484
     0.828401    0.029186
     0.836203    0.025432
     0.844609    0.021371
     0.853275    0.017158
     0.862085    0.012843
     0.870959    0.008472
     0.879867    0.004063
     0.888795   -0.000371
     0.897725   -0.004816
     0.906629   -0.009261
     0.915483   -0.013700
     0.924264   -0.018131
     0.932936   -0.022543
     0.941411   -0.026903
     0.949581   -0.031155
     0.957127   -0.035117
     0.963713   -0.038636
     0.969282   -0.041569
     0.973890   -0.043979
     0.977610   -0.046080
     0.980637   -0.047918
     0.983250   -0.049382
     0.985634   -0.050457
     0.987151   -0.050969
