     0.992970   -0.031129
     0.988965   -0.029153
     0.982473   -0.025964
     0.975307   -0.022461
     0.967365   -0.018590
     0.958527   -0.014304
     0.948667   -0.009536
     0.937697   -0.004215
     0.925566    0.001685
     0.912337    0.008160
     0.898197    0.015130
     0.883528    0.022396
     0.868860    0.029685
     0.854735    0.036724
     0.841561    0.043311
     0.829534    0.049318
     0.818675    0.054767
     0.808309    0.058889
     0.796972    0.061743
     0.784343    0.065040
     0.770040    0.068737
     0.753813    0.072921
     0.735551    0.077608
     0.715342    0.082748
     0.693442    0.088251
     0.670237    0.093996
     0.646194    0.099835
     0.621699    0.105652
     0.597085    0.111346
     0.572580    0.116848
     0.548383    0.122087
     0.524579    0.127038
     0.501302    0.131657
     0.478641    0.135913
     0.456614    0.139780
     0.435194    0.143252
     0.414411    0.146323
     0.394281    0.149003
     0.374811    0.151267
     0.355983    0.153140
     0.337824    0.154620
     0.320328    0.155707
     0.303494    0.156429
     0.287325    0.156788
     0.271809    0.156783
     0.256922    0.156439
     0.242641    0.155760
     0.228956    0.154779
     0.215846    0.153499
     0.203298    0.151936
     0.191279    0.150093
     0.179769    0.147998
     0.168749    0.145653
     0.158200    0.143085
     0.148103    0.140300
     0.138447    0.137332
     0.129225    0.134187
     0.120422    0.130892
     0.112038    0.127456
     0.104055    0.123894
     0.096468    0.120223
     0.089263    0.116453
     0.082425    0.112608
     0.075953    0.108696
     0.069830    0.104727
     0.064041    0.100722
     0.058579    0.096692
     0.053435    0.092646
     0.048597    0.088589
     0.044054    0.084532
     0.039792    0.080482
     0.035800    0.076448
     0.032070    0.072434
     0.028591    0.068444
     0.025355    0.064481
     0.022350    0.060550
     0.019567    0.056653
     0.016996    0.052793
     0.014629    0.048975
     0.012464    0.045197
     0.010501    0.041457
     0.008739    0.037751
     0.007169    0.034083
     0.005782    0.030452
     0.004568    0.026864
     0.003510    0.023322
     0.002595    0.019834
     0.001819    0.016404
     0.001180    0.013031
     0.000675    0.009716
     0.000307    0.006452
     0.000080    0.003228
     0.000000    0.000020
     0.000077   -0.003206
     0.000311   -0.006481
     0.000706   -0.009821
     0.001265   -0.013227
     0.001989   -0.016688
     0.002877   -0.020193
     0.003925   -0.023740
     0.005143   -0.027325
     0.006545   -0.030947
     0.008146   -0.034600
     0.009954   -0.038286
     0.011969   -0.042006
     0.014191   -0.045762
     0.016623   -0.049558
     0.019269   -0.053396
     0.022133   -0.057277
     0.025225   -0.061201
     0.028553   -0.065164
     0.032131   -0.069164
     0.035970   -0.073197
     0.040082   -0.077260
     0.044479   -0.081349
     0.049177   -0.085457
     0.054189   -0.089581
     0.059522   -0.093721
     0.065188   -0.097861
     0.071204   -0.101989
     0.077581   -0.106099
     0.084328   -0.110173
     0.091463   -0.114194
     0.098990   -0.118154
     0.106918   -0.122030
     0.115260   -0.125805
     0.124021   -0.129468
     0.133197   -0.133002
     0.142793   -0.136378
     0.152812   -0.139583
     0.163243   -0.142601
     0.174088   -0.145395
     0.185350   -0.147959
     0.197014   -0.150280
     0.209071   -0.152333
     0.221511   -0.154106
     0.234310   -0.155582
     0.247463   -0.156740
     0.260956   -0.157563
     0.274772   -0.158057
     0.288886   -0.158189
     0.303297   -0.157950
     0.317991   -0.157343
     0.332946   -0.156349
     0.348156   -0.154961
     0.363611   -0.153171
     0.379307   -0.150963
     0.395258   -0.148337
     0.411461   -0.145273
     0.427930   -0.141768
     0.444705   -0.137793
     0.461814   -0.133336
     0.479304   -0.128390
     0.497233   -0.122917
     0.515661   -0.116927
     0.534620   -0.110388
     0.554142   -0.103314
     0.574234   -0.095732
     0.594785   -0.087721
     0.615511   -0.079476
     0.635913   -0.071283
     0.655346   -0.063507
     0.673393   -0.056381
     0.689916   -0.050004
     0.704962   -0.044381
     0.718631   -0.039452
     0.731055   -0.035142
     0.742362   -0.031379
     0.752663   -0.028086
     0.762074   -0.025206
     0.770690   -0.022683
     0.778620   -0.020475
     0.785932   -0.018508
     0.792679   -0.016807
     0.798967   -0.015325
     0.804878   -0.014003
     0.810955   -0.014142
     0.817318   -0.014181
     0.824023   -0.014321
     0.831131   -0.014609
     0.838618   -0.014984
     0.846453   -0.015491
     0.854623   -0.016155
     0.863088   -0.016986
     0.871792   -0.018000
     0.880677   -0.019216
     0.889674   -0.020641
     0.898713   -0.022276
     0.907728   -0.024112
     0.916643   -0.026124
     0.925387   -0.028304
     0.933909   -0.030632
     0.942160   -0.033072
     0.950089   -0.035619
     0.957678   -0.038283
     0.964923   -0.041039
     0.971819   -0.043879
     0.978390   -0.046761
     0.984651   -0.049605
     0.988647   -0.051463
