     1.000000   -0.006042
     0.996231   -0.006094
     0.990609   -0.005647
     0.984936   -0.004624
     0.979060   -0.003447
     0.972829   -0.002535
     0.966200   -0.001710
     0.959186   -0.000839
     0.951747   -0.000067
     0.943833    0.000606
     0.935450    0.001192
     0.926591    0.001640
     0.917244    0.001931
     0.907417    0.002044
     0.897120    0.001936
     0.886352    0.001580
     0.875126    0.000953
     0.863449    0.000039
     0.851344   -0.001174
     0.838834   -0.002701
     0.825947   -0.004554
     0.812715   -0.006748
     0.799154   -0.009298
     0.785285   -0.012230
     0.771079   -0.015578
     0.756494   -0.019351
     0.741484   -0.023550
     0.726032   -0.028168
     0.710101   -0.033224
     0.693657   -0.038713
     0.676663   -0.044639
     0.659111   -0.050963
     0.641050   -0.057619
     0.622611   -0.064497
     0.604048   -0.071425
     0.585638   -0.078233
     0.567559   -0.084785
     0.549899   -0.091008
     0.532654   -0.096849
     0.515814   -0.102317
     0.499323   -0.107387
     0.483184   -0.112072
     0.467316   -0.116360
     0.451703   -0.120280
     0.436308   -0.123827
     0.421110   -0.127006
     0.406097   -0.129832
     0.391220   -0.132289
     0.376529   -0.134442
     0.361974   -0.136213
     0.347574   -0.137658
     0.333337   -0.138787
     0.319275   -0.139563
     0.305368   -0.140009
     0.291653   -0.140163
     0.278155   -0.139979
     0.264859   -0.139505
     0.251833   -0.138717
     0.239041   -0.137644
     0.226544   -0.136286
     0.214341   -0.134655
     0.202456   -0.132760
     0.190900   -0.130613
     0.179690   -0.128239
     0.168850   -0.125652
     0.158389   -0.122863
     0.148322   -0.119890
     0.138651   -0.116752
     0.129382   -0.113481
     0.120527   -0.110104
     0.112092   -0.106636
     0.104076   -0.103100
     0.096476   -0.099514
     0.089283   -0.095900
     0.082489   -0.092278
     0.076083   -0.088665
     0.070055   -0.085067
     0.064385   -0.081496
     0.059056   -0.077967
     0.054057   -0.074482
     0.049370   -0.071041
     0.044974   -0.067651
     0.040853   -0.064316
     0.036991   -0.061038
     0.033375   -0.057815
     0.029993   -0.054644
     0.026832   -0.051522
     0.023882   -0.048447
     0.021133   -0.045416
     0.018573   -0.042426
     0.016194   -0.039477
     0.013985   -0.036566
     0.011947   -0.033690
     0.010080   -0.030844
     0.008382   -0.028023
     0.006846   -0.025227
     0.005465   -0.022456
     0.004229   -0.019708
     0.003139   -0.016981
     0.002207   -0.014277
     0.001441   -0.011601
     0.000850   -0.008960
     0.000426   -0.006364
     0.000153   -0.003813
     0.000018   -0.001297
     0.000014    0.001206
     0.000135    0.003724
     0.000379    0.006283
     0.000746    0.008901
     0.001237    0.011582
     0.001853    0.014319
     0.002601    0.017095
     0.003486    0.019902
     0.004518    0.022734
     0.005701    0.025594
     0.007037    0.028487
     0.008526    0.031417
     0.010167    0.034384
     0.011965    0.037387
     0.013924    0.040423
     0.016052    0.043495
     0.018355    0.046601
     0.020843    0.049741
     0.023525    0.052916
     0.026409    0.056126
     0.029504    0.059372
     0.032820    0.062655
     0.036368    0.065974
     0.040160    0.069329
     0.044210    0.072717
     0.048530    0.076137
     0.053135    0.079587
     0.058038    0.083063
     0.063258    0.086554
     0.068810    0.090056
     0.074709    0.093562
     0.080966    0.097066
     0.087596    0.100552
     0.094611    0.104005
     0.102027    0.107409
     0.109850    0.110757
     0.118081    0.114021
     0.126748    0.117170
     0.135838    0.120222
     0.145362    0.123116
     0.155322    0.125887
     0.165690    0.128471
     0.176500    0.130853
     0.187732    0.133032
     0.199393    0.134978
     0.211484    0.136681
     0.224013    0.138122
     0.236994    0.139318
     0.250383    0.140248
     0.264220    0.140889
     0.278475    0.141275
     0.293135    0.141337
     0.308241    0.141127
     0.323764    0.140604
     0.339696    0.139801
     0.356049    0.138694
     0.372793    0.137296
     0.389927    0.135606
     0.407444    0.133642
     0.425335    0.131398
     0.443567    0.128873
     0.462127    0.126104
     0.481020    0.123058
     0.500248    0.119773
     0.519797    0.116239
     0.539660    0.112501
     0.559756    0.108572
     0.580096    0.104442
     0.600656    0.100138
     0.621417    0.095667
     0.642370    0.091045
     0.663462    0.086293
     0.684661    0.081428
     0.705910    0.076485
     0.727119    0.071481
     0.748263    0.066442
     0.769303    0.061406
     0.790157    0.056394
     0.810652    0.051474
     0.830610    0.046680
     0.849815    0.042089
     0.868021    0.037755
     0.885038    0.033742
     0.900742    0.030069
     0.915089    0.026746
     0.928091    0.023762
     0.939843    0.021102
     0.950444    0.018712
     0.960016    0.016575
     0.968673    0.014644
     0.976527    0.012875
     0.983685    0.011263
     0.990235    0.009786
     0.996251    0.008422
     1.000000    0.007567
