     0.999762    0.041344
     0.998496    0.039365
     0.995458    0.038587
     0.991534    0.038987
     0.987298    0.039315
     0.983155    0.038947
     0.978909    0.038274
     0.974180    0.037759
     0.968809    0.037327
     0.962763    0.036724
     0.955931    0.035939
     0.948191    0.035017
     0.939501    0.033868
     0.929822    0.032436
     0.919208    0.030706
     0.907818    0.028657
     0.895848    0.026279
     0.883525    0.023608
     0.871122    0.020701
     0.858918    0.017631
     0.847192    0.014479
     0.836192    0.011348
     0.826106    0.008323
     0.816973    0.005539
     0.808884    0.002681
     0.800907    0.000898
     0.791847   -0.000187
     0.781711   -0.001500
     0.770424   -0.003118
     0.758127   -0.005008
     0.744997   -0.007206
     0.731245   -0.009670
     0.717045   -0.012404
     0.702512   -0.015387
     0.687764   -0.018581
     0.672833   -0.022000
     0.657744   -0.025597
     0.642586   -0.029339
     0.627373   -0.033206
     0.612189   -0.037157
     0.596979   -0.041139
     0.581825   -0.045152
     0.566807   -0.049096
     0.551865   -0.052971
     0.536906   -0.056811
     0.521835   -0.060559
     0.506855   -0.064184
     0.492050   -0.067610
     0.477409   -0.070786
     0.462882   -0.073710
     0.448466   -0.076377
     0.434097   -0.078778
     0.419802   -0.080909
     0.405467   -0.082767
     0.391160   -0.084390
     0.376848   -0.085745
     0.362557   -0.086837
     0.348244   -0.087662
     0.333939   -0.088234
     0.319645   -0.088540
     0.305337   -0.088569
     0.291012   -0.088348
     0.276703   -0.087864
     0.262380   -0.087118
     0.248097   -0.086134
     0.233853   -0.084883
     0.219668   -0.083383
     0.205562   -0.081642
     0.191583   -0.079643
     0.177717   -0.077380
     0.164002   -0.074885
     0.150489   -0.072138
     0.137227   -0.069189
     0.124343   -0.066053
     0.111934   -0.062768
     0.100123   -0.059363
     0.089025   -0.055910
     0.078760   -0.052469
     0.069399   -0.049100
     0.060969   -0.045865
     0.053461   -0.042793
     0.046806   -0.039879
     0.040910   -0.037129
     0.035686   -0.034539
     0.031049   -0.032093
     0.026917   -0.029778
     0.023220   -0.027576
     0.019906   -0.025470
     0.016930   -0.023447
     0.014254   -0.021493
     0.011840   -0.019593
     0.009656   -0.017733
     0.007680   -0.015902
     0.005921   -0.014078
     0.004398   -0.012245
     0.003117   -0.010397
     0.002077   -0.008532
     0.001267   -0.006669
     0.000667   -0.004827
     0.000262   -0.003008
     0.000043   -0.001206
     0.000010    0.000591
     0.000162    0.002403
     0.000492    0.004256
     0.000999    0.006171
     0.001685    0.008163
     0.002550    0.010236
     0.003592    0.012377
     0.004817    0.014576
     0.006231    0.016825
     0.007842    0.019123
     0.009667    0.021485
     0.011733    0.023931
     0.014067    0.026478
     0.016694    0.029140
     0.019647    0.031922
     0.022966    0.034833
     0.026706    0.037893
     0.030925    0.041123
     0.035681    0.044538
     0.041037    0.048139
     0.047066    0.051924
     0.053837    0.055887
     0.061392    0.060021
     0.069741    0.064281
     0.078876    0.068611
     0.088758    0.072951
     0.099328    0.077235
     0.110494    0.081439
     0.122131    0.085469
     0.134177    0.089288
     0.146592    0.092869
     0.159230    0.096253
     0.172045    0.099263
     0.185068    0.102110
     0.198237    0.104638
     0.211585    0.106850
     0.225055    0.108889
     0.238550    0.110582
     0.252150    0.111958
     0.265944    0.113011
     0.279806    0.113837
     0.293749    0.114404
     0.307589    0.114662
     0.321536    0.114622
     0.335378    0.114315
     0.349191    0.113797
     0.362574    0.113074
     0.375697    0.112218
     0.388707    0.111151
     0.401843    0.109999
     0.415355    0.108593
     0.429305    0.107058
     0.443606    0.105273
     0.458139    0.103353
     0.472615    0.101313
     0.487049    0.099130
     0.501495    0.096835
     0.516202    0.094480
     0.531327    0.091904
     0.546758    0.089168
     0.562334    0.086351
     0.577927    0.083439
     0.593491    0.080437
     0.609106    0.077366
     0.624787    0.074189
     0.640468    0.070973
     0.656173    0.067719
     0.671830    0.064436
     0.687396    0.061183
     0.702866    0.057899
     0.717986    0.054709
     0.732541    0.051633
     0.746391    0.048715
     0.759218    0.046023
     0.770751    0.043621
     0.780913    0.041523
     0.789716    0.039690
     0.797331    0.038181
     0.804133    0.037236
     0.811407    0.037363
     0.819635    0.037449
     0.829096    0.037598
     0.839912    0.037757
     0.852093    0.037958
     0.865395    0.038189
     0.879425    0.038487
     0.893800    0.038823
     0.908122    0.039203
     0.921982    0.039602
     0.934989    0.040018
     0.946779    0.040413
     0.957199    0.040804
     0.966278    0.041178
     0.974139    0.041532
     0.980955    0.041843
     0.986895    0.042100
     0.992103    0.042314
     0.996706    0.042495
     0.999495    0.042600
