     1.000000   -0.007522
     0.996155   -0.007138
     0.990266   -0.006300
     0.984190   -0.005160
     0.977829   -0.003974
     0.971061   -0.002970
     0.963859   -0.002027
     0.956259   -0.001135
     0.948227   -0.000376
     0.939741    0.000274
     0.930816    0.000789
     0.921445    0.001131
     0.911633    0.001285
     0.901397    0.001225
     0.890743    0.000909
     0.879674    0.000319
     0.868195   -0.000564
     0.856317   -0.001748
     0.844056   -0.003247
     0.831429   -0.005077
     0.818454   -0.007242
     0.805148   -0.009767
     0.791521   -0.012657
     0.777563   -0.015961
     0.763218   -0.019702
     0.748425   -0.023882
     0.733147   -0.028499
     0.717358   -0.033569
     0.701003   -0.039108
     0.684043   -0.045117
     0.666432   -0.051580
     0.648195   -0.058445
     0.629465   -0.065605
     0.610523   -0.072877
     0.591694   -0.080042
     0.573229   -0.086946
     0.555224   -0.093495
     0.537715   -0.099640
     0.520654   -0.105377
     0.504011   -0.110685
     0.487745   -0.115601
     0.471812   -0.120097
     0.456153   -0.124209
     0.440747   -0.127937
     0.425570   -0.131300
     0.410592   -0.134299
     0.395807   -0.136932
     0.381184   -0.139236
     0.366760   -0.141180
     0.352493   -0.142793
     0.338398   -0.144073
     0.324496   -0.145027
     0.310773   -0.145647
     0.297241   -0.145959
     0.283933   -0.145968
     0.270847   -0.145653
     0.257999   -0.145065
     0.245417   -0.144167
     0.233102   -0.143003
     0.221078   -0.141561
     0.209355   -0.139863
     0.197950   -0.137915
     0.186872   -0.135730
     0.176131   -0.133329
     0.165748   -0.130721
     0.155720   -0.127918
     0.146059   -0.124946
     0.136773   -0.121815
     0.127860   -0.118548
     0.119327   -0.115174
     0.111181   -0.111705
     0.103418   -0.108159
     0.096035   -0.104557
     0.089028   -0.100917
     0.082388   -0.097253
     0.076105   -0.093586
     0.070173   -0.089927
     0.064580   -0.086281
     0.059307   -0.082661
     0.054344   -0.079078
     0.049680   -0.075531
     0.045299   -0.072022
     0.041183   -0.068559
     0.037319   -0.065146
     0.033696   -0.061782
     0.030301   -0.058468
     0.027126   -0.055199
     0.024161   -0.051973
     0.021397   -0.048788
     0.018823   -0.045644
     0.016432   -0.042537
     0.014216   -0.039468
     0.012168   -0.036433
     0.010290   -0.033430
     0.008580   -0.030455
     0.007036   -0.027507
     0.005651   -0.024584
     0.004417   -0.021688
     0.003330   -0.018815
     0.002392   -0.015966
     0.001610   -0.013144
     0.000990   -0.010358
     0.000531   -0.007618
     0.000221   -0.004927
     0.000048   -0.002279
     0.000001    0.000347
     0.000077    0.002978
     0.000272    0.005643
     0.000589    0.008362
     0.001030    0.011145
     0.001598    0.013983
     0.002296    0.016864
     0.003131    0.019777
     0.004108    0.022717
     0.005233    0.025685
     0.006509    0.028687
     0.007936    0.031724
     0.009515    0.034796
     0.011249    0.037901
     0.013144    0.041039
     0.015203    0.044209
     0.017434    0.047412
     0.019844    0.050645
     0.022441    0.053910
     0.025233    0.057206
     0.028228    0.060532
     0.031434    0.063889
     0.034862    0.067277
     0.038520    0.070694
     0.042419    0.074139
     0.046570    0.077610
     0.050986    0.081104
     0.055677    0.084615
     0.060659    0.088135
     0.065947    0.091659
     0.071550    0.095182
     0.077480    0.098698
     0.083746    0.102194
     0.090363    0.105654
     0.097343    0.109067
     0.104691    0.112424
     0.112414    0.115702
     0.120528    0.118881
     0.129038    0.121958
     0.137942    0.124911
     0.147255    0.127721
     0.156967    0.130387
     0.167082    0.132868
     0.177614    0.135157
     0.188560    0.137241
     0.199932    0.139099
     0.211734    0.140727
     0.223981    0.142102
     0.236684    0.143239
     0.249827    0.144109
     0.263435    0.144714
     0.277491    0.145048
     0.292000    0.145082
     0.306983    0.144832
     0.322432    0.144277
     0.338346    0.143441
     0.354717    0.142298
     0.371531    0.140858
     0.388786    0.139121
     0.406463    0.137092
     0.424570    0.134768
     0.443075    0.132157
     0.461967    0.129276
     0.481237    0.126108
     0.500903    0.122680
     0.520958    0.118983
     0.541368    0.115066
     0.562071    0.110939
     0.583059    0.106595
     0.604312    0.102061
     0.625799    0.097346
     0.647503    0.092470
     0.669382    0.087445
     0.691410    0.082285
     0.713511    0.077033
     0.735647    0.071696
     0.757784    0.066310
     0.779794    0.060925
     0.801491    0.055607
     0.822671    0.050399
     0.843067    0.045398
     0.862389    0.040679
     0.880415    0.036312
     0.897011    0.032324
     0.912117    0.028728
     0.925759    0.025513
     0.938040    0.022661
     0.949073    0.020113
     0.958990    0.017843
     0.967926    0.015805
     0.976006    0.013947
     0.983347    0.012255
     0.990045    0.010707
     0.996182    0.009280
     1.000000    0.008387
