     1.000000   -0.001224
     0.999061   -0.002212
     0.997503   -0.002872
     0.995746   -0.002855
     0.993771   -0.002366
     0.991556   -0.001575
     0.989106   -0.000728
     0.986474   -0.000117
     0.983668    0.000240
     0.980661    0.000455
     0.977366    0.000740
     0.973640    0.001221
     0.969331    0.001849
     0.964290    0.002507
     0.958404    0.003180
     0.951620    0.003932
     0.943994    0.004718
     0.935616    0.005475
     0.926635    0.006178
     0.917248    0.006801
     0.907603    0.007319
     0.897785    0.007719
     0.887846    0.008000
     0.877831    0.008166
     0.867774    0.008217
     0.857691    0.008152
     0.847595    0.007967
     0.837470    0.007664
     0.827321    0.007250
     0.817163    0.006730
     0.807013    0.006099
     0.796848    0.005355
     0.786672    0.004505
     0.776493    0.003542
     0.766249    0.002472
     0.756021    0.001318
     0.745755    0.000056
     0.735489   -0.001285
     0.725220   -0.002722
     0.714940   -0.004249
     0.704628   -0.005867
     0.694313   -0.007556
     0.683995   -0.009333
     0.673634   -0.011195
     0.663234   -0.013128
     0.652812   -0.015121
     0.642397   -0.017174
     0.631933   -0.019290
     0.621510   -0.021433
     0.611080   -0.023619
     0.600645   -0.025813
     0.590213   -0.028050
     0.579834   -0.030267
     0.569523   -0.032467
     0.559256   -0.034658
     0.548965   -0.036830
     0.538640   -0.039004
     0.528190   -0.041148
     0.517717   -0.043275
     0.507293   -0.045350
     0.496935   -0.047355
     0.486648   -0.049270
     0.476401   -0.051089
     0.466175   -0.052816
     0.455979   -0.054450
     0.445820   -0.055975
     0.435639   -0.057402
     0.425504   -0.058728
     0.415365   -0.059929
     0.405160   -0.061036
     0.394982   -0.062054
     0.384801   -0.062955
     0.374604   -0.063760
     0.364425   -0.064457
     0.354223   -0.065043
     0.344008   -0.065533
     0.333805   -0.065919
     0.323610   -0.066199
     0.313420   -0.066365
     0.303208   -0.066424
     0.292989   -0.066383
     0.282784   -0.066238
     0.272575   -0.065980
     0.262339   -0.065620
     0.252120   -0.065168
     0.241927   -0.064606
     0.231724   -0.063940
     0.221542   -0.063171
     0.211368   -0.062302
     0.201239   -0.061332
     0.191141   -0.060250
     0.181063   -0.059053
     0.170990   -0.057751
     0.160978   -0.056345
     0.150983   -0.054815
     0.141014   -0.053184
     0.131125   -0.051450
     0.121302   -0.049601
     0.111582   -0.047651
     0.101984   -0.045584
     0.092525   -0.043411
     0.083276   -0.041147
     0.074307   -0.038800
     0.065704   -0.036402
     0.057610   -0.034004
     0.050159   -0.031640
     0.043417   -0.029344
     0.037420   -0.027157
     0.032163   -0.025104
     0.027585   -0.023191
     0.023605   -0.021415
     0.020143   -0.019761
     0.017129   -0.018210
     0.014495   -0.016752
     0.012175   -0.015370
     0.010112   -0.014051
     0.008260   -0.012781
     0.006607   -0.011536
     0.005160   -0.010295
     0.003919   -0.009046
     0.002874   -0.007789
     0.002013   -0.006527
     0.001324   -0.005279
     0.000790   -0.004055
     0.000398   -0.002857
     0.000140   -0.001679
     0.000013   -0.000513
     0.000022    0.000651
     0.000161    0.001827
     0.000428    0.003032
     0.000825    0.004278
     0.001355    0.005579
     0.002028    0.006942
     0.002844    0.008368
     0.003810    0.009849
     0.004937    0.011381
     0.006234    0.012964
     0.007706    0.014602
     0.009373    0.016316
     0.011272    0.018128
     0.013451    0.020062
     0.015960    0.022143
     0.018847    0.024380
     0.022165    0.026782
     0.025977    0.029364
     0.030357    0.032142
     0.035356    0.035116
     0.040991    0.038255
     0.047252    0.041516
     0.054114    0.044852
     0.061506    0.048224
     0.069324    0.051572
     0.077493    0.054848
     0.085953    0.058028
     0.094645    0.061091
     0.103557    0.064036
     0.112614    0.066867
     0.121768    0.069543
     0.131033    0.072080
     0.140384    0.074459
     0.149872    0.076720
     0.159360    0.078869
     0.168779    0.080798
     0.178390    0.082632
     0.187969    0.084364
     0.197634    0.085942
     0.207324    0.087370
     0.217165    0.088690
     0.226949    0.089932
     0.236722    0.091001
     0.246553    0.091930
     0.256401    0.092706
     0.266410    0.093346
     0.276424    0.093907
     0.286467    0.094317
     0.296524    0.094651
     0.306466    0.094829
     0.316526    0.094848
     0.326603    0.094796
     0.336623    0.094591
     0.346732    0.094297
     0.356611    0.093957
     0.366206    0.093468
     0.375690    0.092984
     0.385057    0.092396
     0.394494    0.091760
     0.403958    0.091057
     0.413669    0.090234
     0.423606    0.089398
     0.433713    0.088453
     0.443928    0.087410
     0.454225    0.086315
     0.464487    0.085210
     0.474633    0.084023
     0.484742    0.082787
     0.494779    0.081541
     0.504844    0.080238
     0.515024    0.078934
     0.525422    0.077522
     0.535948    0.076054
     0.546586    0.074528
     0.557255    0.072984
     0.567888    0.071407
     0.578515    0.069803
     0.589079    0.068168
     0.599662    0.066506
     0.610249    0.064812
     0.620876    0.063077
     0.631483    0.061314
     0.642091    0.059559
     0.652720    0.057777
     0.663361    0.055981
     0.673962    0.054171
     0.684568    0.052380
     0.695238    0.050546
     0.705961    0.048695
     0.716636    0.046863
     0.727255    0.045046
     0.737892    0.043201
     0.748582    0.041367
     0.759261    0.039531
     0.769913    0.037709
     0.780581    0.035894
     0.791279    0.034082
     0.802036    0.032275
     0.812785    0.030467
     0.823521    0.028686
     0.834297    0.026905
     0.845098    0.025126
     0.855909    0.023345
     0.866688    0.021565
     0.877403    0.019813
     0.888059    0.018093
     0.898665    0.016373
     0.909236    0.014679
     0.919738    0.012991
     0.930083    0.011340
     0.940110    0.009726
     0.949598    0.008190
     0.958300    0.006788
     0.966006    0.005548
     0.972635    0.004487
     0.978253    0.003585
     0.983018    0.002809
     0.987080    0.002136
     0.990564    0.001550
     0.993578    0.001036
     0.996219    0.000580
     0.998567    0.000171
     1.000000   -0.000081
