     1.000000   -0.000329
     0.998394   -0.002526
     0.995552   -0.003193
     0.992260   -0.002254
     0.988651   -0.000842
     0.984949    0.000011
     0.981212    0.000252
     0.977346    0.000372
     0.973212    0.000794
     0.968730    0.001429
     0.963845    0.002031
     0.958502    0.002542
     0.952631    0.003085
     0.946166    0.003668
     0.939030    0.004212
     0.931145    0.004712
     0.922465    0.005157
     0.912969    0.005507
     0.902656    0.005717
     0.891558    0.005750
     0.879741    0.005582
     0.867299    0.005184
     0.854345    0.004544
     0.840986    0.003636
     0.827309    0.002463
     0.813405    0.001022
     0.799332   -0.000701
     0.785115   -0.002707
     0.770766   -0.005008
     0.756269   -0.007579
     0.741629   -0.010427
     0.726862   -0.013527
     0.711947   -0.016881
     0.696880   -0.020484
     0.681658   -0.024314
     0.666243   -0.028384
     0.650631   -0.032653
     0.634808   -0.037116
     0.618787   -0.041724
     0.602621   -0.046423
     0.586432   -0.051154
     0.570324   -0.055826
     0.554386   -0.060385
     0.538637   -0.064798
     0.523113   -0.069008
     0.507821   -0.073020
     0.492795   -0.076780
     0.477971   -0.080258
     0.463317   -0.083459
     0.448803   -0.086376
     0.434375   -0.088995
     0.420044   -0.091343
     0.405714   -0.093362
     0.391441   -0.095180
     0.377167   -0.096670
     0.362915   -0.097896
     0.348671   -0.098854
     0.334458   -0.099524
     0.320246   -0.099896
     0.306042   -0.100009
     0.291860   -0.099826
     0.277717   -0.099397
     0.263611   -0.098645
     0.249562   -0.097663
     0.235613   -0.096391
     0.221766   -0.094849
     0.208044   -0.093038
     0.194493   -0.090971
     0.181150   -0.088649
     0.168053   -0.086074
     0.155245   -0.083258
     0.142771   -0.080241
     0.130734   -0.077066
     0.119219   -0.073763
     0.108301   -0.070365
     0.098041   -0.066926
     0.088490   -0.063493
     0.079675   -0.060108
     0.071595   -0.056806
     0.064227   -0.053611
     0.057530   -0.050546
     0.051458   -0.047613
     0.045955   -0.044804
     0.040962   -0.042115
     0.036424   -0.039540
     0.032294   -0.037069
     0.028527   -0.034691
     0.025081   -0.032398
     0.021924   -0.030184
     0.019032   -0.028033
     0.016387   -0.025936
     0.013970   -0.023882
     0.011760   -0.021865
     0.009737   -0.019876
     0.007882   -0.017909
     0.006196   -0.015951
     0.004701   -0.013990
     0.003416   -0.012021
     0.002350   -0.010044
     0.001505   -0.008066
     0.000863   -0.006109
     0.000407   -0.004180
     0.000123   -0.002277
     0.000004   -0.000392
     0.000050    0.001490
     0.000252    0.003392
     0.000606    0.005335
     0.001109    0.007335
     0.001760    0.009403
     0.002554    0.011536
     0.003492    0.013724
     0.004578    0.015954
     0.005819    0.018220
     0.007223    0.020517
     0.008803    0.022855
     0.010571    0.025245
     0.012538    0.027700
     0.014712    0.030228
     0.017107    0.032830
     0.019742    0.035509
     0.022642    0.038271
     0.025834    0.041125
     0.029350    0.044080
     0.033222    0.047144
     0.037486    0.050324
     0.042182    0.053626
     0.047356    0.057049
     0.053056    0.060595
     0.059323    0.064264
     0.066194    0.068043
     0.073700    0.071913
     0.081864    0.075843
     0.090686    0.079801
     0.100165    0.083751
     0.110242    0.087666
     0.120897    0.091469
     0.132040    0.095143
     0.143691    0.098619
     0.155710    0.101932
     0.168092    0.104979
     0.180767    0.107825
     0.193669    0.110381
     0.206796    0.112643
     0.220135    0.114678
     0.233564    0.116397
     0.247169    0.117812
     0.260919    0.118915
     0.274839    0.119753
     0.288902    0.120341
     0.302983    0.120616
     0.317265    0.120598
     0.331651    0.120299
     0.346223    0.119749
     0.360886    0.118935
     0.375696    0.117911
     0.390544    0.116655
     0.405385    0.115199
     0.420268    0.113597
     0.435133    0.111819
     0.449915    0.109837
     0.464833    0.107786
     0.480100    0.105462
     0.495603    0.103000
     0.511288    0.100422
     0.527139    0.097678
     0.543183    0.094782
     0.559348    0.091794
     0.575638    0.088670
     0.592004    0.085442
     0.608420    0.082122
     0.624876    0.078698
     0.641376    0.075218
     0.657919    0.071686
     0.674452    0.068114
     0.690992    0.064530
     0.707565    0.060903
     0.724085    0.057305
     0.740577    0.053685
     0.757035    0.050100
     0.773429    0.046556
     0.789831    0.043026
     0.806236    0.039540
     0.822548    0.036112
     0.838780    0.032737
     0.854887    0.029433
     0.870670    0.026210
     0.885984    0.023154
     0.900653    0.020256
     0.914504    0.017562
     0.927346    0.015098
     0.939062    0.012884
     0.949579    0.010913
     0.958947    0.009194
     0.967263    0.007691
     0.974641    0.006372
     0.981205    0.005203
     0.987067    0.004156
     0.992328    0.003209
     0.997077    0.002347
     1.000000    0.001813
