     1.001554    0.036163
     0.997548    0.035268
     0.991454    0.034542
     0.985164    0.034414
     0.978605    0.034258
     0.971694    0.033723
     0.964362    0.033103
     0.956620    0.032371
     0.948438    0.031402
     0.939805    0.030242
     0.930761    0.028851
     0.921324    0.027202
     0.911542    0.025289
     0.901481    0.023093
     0.891207    0.020606
     0.880803    0.017842
     0.870358    0.014824
     0.859975    0.011598
     0.849765    0.008209
     0.839829    0.004706
     0.830254    0.001152
     0.821134   -0.002417
     0.812455   -0.005942
     0.803912   -0.008518
     0.794760   -0.010159
     0.784925   -0.012316
     0.774311   -0.014786
     0.762896   -0.017656
     0.750610   -0.020962
     0.737415   -0.024736
     0.723294   -0.029018
     0.708216   -0.033840
     0.692173   -0.039221
     0.675155   -0.045173
     0.657192   -0.051662
     0.638384   -0.058610
     0.618944   -0.065869
     0.599229   -0.073215
     0.579621   -0.080428
     0.560346   -0.087350
     0.541511   -0.093880
     0.523106   -0.099984
     0.505131   -0.105627
     0.487549   -0.110838
     0.470306   -0.115574
     0.453357   -0.119881
     0.436668   -0.123748
     0.420209   -0.127185
     0.403965   -0.130204
     0.387876   -0.132808
     0.372015   -0.135021
     0.356306   -0.136822
     0.340779   -0.138236
     0.325465   -0.139263
     0.310338   -0.139884
     0.295414   -0.140152
     0.280750   -0.140041
     0.266321   -0.139570
     0.252204   -0.138744
     0.238368   -0.137579
     0.224879   -0.136082
     0.211742   -0.134267
     0.198983   -0.132147
     0.186619   -0.129741
     0.174674   -0.127080
     0.163173   -0.124174
     0.152127   -0.121049
     0.141549   -0.117722
     0.131442   -0.114230
     0.121819   -0.110613
     0.112689   -0.106890
     0.104051   -0.103089
     0.095901   -0.099234
     0.088227   -0.095351
     0.081016   -0.091465
     0.074255   -0.087595
     0.067928   -0.083749
     0.062008   -0.079944
     0.056478   -0.076193
     0.051320   -0.072494
     0.046508   -0.068852
     0.042018   -0.065275
     0.037831   -0.061765
     0.033930   -0.058321
     0.030299   -0.054938
     0.026923   -0.051614
     0.023787   -0.048346
     0.020880   -0.045128
     0.018187   -0.041959
     0.015697   -0.038838
     0.013400   -0.035761
     0.011296   -0.032725
     0.009385   -0.029721
     0.007662   -0.026745
     0.006116   -0.023797
     0.004739   -0.020879
     0.003527   -0.017993
     0.002487   -0.015138
     0.001629   -0.012315
     0.000962   -0.009520
     0.000480   -0.006755
     0.000170   -0.004018
     0.000018   -0.001298
     0.000019    0.001423
     0.000169    0.004174
     0.000465    0.006978
     0.000907    0.009849
     0.001494    0.012788
     0.002231    0.015780
     0.003127    0.018814
     0.004192    0.021879
     0.005434    0.024976
     0.006856    0.028111
     0.008458    0.031288
     0.010239    0.034508
     0.012203    0.037768
     0.014359    0.041068
     0.016714    0.044409
     0.019278    0.047790
     0.022064    0.051211
     0.025081    0.054672
     0.028341    0.058174
     0.031855    0.061719
     0.035638    0.065306
     0.039703    0.068934
     0.044069    0.072602
     0.048751    0.076307
     0.053767    0.080046
     0.059135    0.083814
     0.064878    0.087597
     0.071015    0.091390
     0.077562    0.095186
     0.084537    0.098971
     0.091956    0.102726
     0.099837    0.106429
     0.108195    0.110068
     0.117027    0.113619
     0.126367    0.117037
     0.136203    0.120339
     0.146550    0.123459
     0.157399    0.126431
     0.168737    0.129171
     0.180588    0.131681
     0.192935    0.133938
     0.205787    0.135917
     0.219148    0.137601
     0.233038    0.138980
     0.247422    0.140073
     0.262323    0.140817
     0.277723    0.141262
     0.293602    0.141334
     0.310001    0.141082
     0.326897    0.140469
     0.344270    0.139514
     0.362133    0.138219
     0.380458    0.136577
     0.399244    0.134595
     0.418459    0.132282
     0.438080    0.129654
     0.458095    0.126728
     0.478469    0.123482
     0.499206    0.119956
     0.520268    0.116152
     0.541611    0.112127
     0.563098    0.107903
     0.584669    0.103497
     0.606189    0.098958
     0.627494    0.094334
     0.648371    0.089703
     0.668541    0.085136
     0.687719    0.080720
     0.705642    0.076548
     0.722112    0.072665
     0.737065    0.069112
     0.750531    0.065900
     0.762595    0.063009
     0.773390    0.060430
     0.783051    0.058089
     0.791758    0.056030
     0.799705    0.054096
     0.807268    0.052955
     0.815348    0.052770
     0.824126    0.052527
     0.833735    0.052292
     0.844225    0.052027
     0.855606    0.051747
     0.867797    0.051461
     0.880624    0.051180
     0.893799    0.050909
     0.906972    0.050663
     0.919795    0.050444
     0.931989    0.050272
     0.943389    0.050126
     0.953913    0.050010
     0.963558    0.049916
     0.972368    0.049815
     0.980417    0.049717
     0.987779    0.049627
     0.994527    0.049536
     0.998724    0.049475
