     0.986917   -0.050939
     0.985124   -0.050074
     0.982325   -0.048747
     0.979379   -0.047384
     0.976270   -0.045979
     0.972975   -0.044530
     0.969473   -0.043032
     0.965732   -0.041482
     0.961719   -0.039874
     0.957391   -0.038204
     0.952699   -0.036467
     0.947584   -0.034659
     0.941977   -0.032778
     0.935805   -0.030828
     0.929003   -0.028812
     0.921526   -0.026737
     0.913370   -0.024615
     0.904602   -0.022464
     0.895366   -0.020310
     0.885872   -0.018173
     0.876336   -0.016100
     0.866948   -0.014149
     0.857850   -0.012365
     0.849126   -0.010768
     0.840809   -0.009366
     0.832906   -0.008132
     0.825472   -0.006972
     0.818606   -0.005819
     0.812374   -0.004643
     0.806753   -0.003563
     0.801556   -0.002891
     0.796505   -0.002842
     0.791305   -0.003387
     0.785689   -0.004346
     0.779425   -0.005469
     0.772409   -0.006552
     0.764648   -0.007588
     0.756224   -0.008612
     0.747232   -0.009709
     0.737672   -0.010982
     0.727457   -0.012453
     0.716495   -0.014123
     0.704726   -0.015972
     0.692178   -0.017952
     0.679014   -0.020008
     0.665457   -0.022110
     0.651703   -0.024238
     0.637862   -0.026385
     0.623969   -0.028540
     0.610050   -0.030688
     0.596132   -0.032816
     0.582240   -0.034908
     0.568395   -0.036956
     0.554614   -0.038953
     0.540901   -0.040892
     0.527261   -0.042767
     0.513697   -0.044573
     0.500215   -0.046303
     0.486822   -0.047950
     0.473522   -0.049509
     0.460307   -0.050973
     0.447166   -0.052338
     0.434078   -0.053602
     0.421035   -0.054764
     0.408043   -0.055821
     0.395125   -0.056770
     0.382306   -0.057604
     0.369591   -0.058315
     0.356959   -0.058895
     0.344363   -0.059338
     0.331748   -0.059648
     0.319080   -0.059833
     0.306346   -0.059900
     0.293565   -0.059856
     0.280770   -0.059700
     0.267994   -0.059434
     0.255266   -0.059056
     0.242608   -0.058568
     0.230039   -0.057967
     0.217569   -0.057250
     0.205199   -0.056413
     0.192924   -0.055454
     0.180754   -0.054378
     0.168723   -0.053193
     0.156893   -0.051911
     0.145340   -0.050548
     0.134156   -0.049104
     0.123436   -0.047587
     0.113259   -0.046007
     0.103679   -0.044381
     0.094721   -0.042725
     0.086409   -0.041062
     0.078750   -0.039414
     0.071730   -0.037795
     0.065308   -0.036208
     0.059430   -0.034655
     0.054035   -0.033135
     0.049071   -0.031647
     0.044501   -0.030188
     0.040294   -0.028759
     0.036423   -0.027364
     0.032858   -0.026004
     0.029572   -0.024680
     0.026540   -0.023386
     0.023746   -0.022104
     0.021168   -0.020821
     0.018786   -0.019527
     0.016583   -0.018213
     0.014540   -0.016880
     0.012645   -0.015533
     0.010885   -0.014182
     0.009247   -0.012822
     0.007716   -0.011444
     0.006293   -0.010047
     0.004994   -0.008639
     0.003826   -0.007224
     0.002791   -0.005802
     0.001890   -0.004372
     0.001124   -0.002931
     0.000494   -0.001477
     0.000001   -0.000003
    -0.000355    0.001493
    -0.000581    0.003010
    -0.000686    0.004544
    -0.000676    0.006091
    -0.000555    0.007648
    -0.000324    0.009210
     0.000015    0.010774
     0.000465    0.012335
     0.001028    0.013886
     0.001709    0.015421
     0.002509    0.016941
     0.003416    0.018468
     0.004411    0.020028
     0.005492    0.021624
     0.006670    0.023248
     0.007956    0.024893
     0.009365    0.026555
     0.010908    0.028237
     0.012595    0.029947
     0.014438    0.031693
     0.016450    0.033485
     0.018641    0.035336
     0.021021    0.037257
     0.023602    0.039258
     0.026404    0.041339
     0.029446    0.043501
     0.032747    0.045745
     0.036325    0.048068
     0.040198    0.050468
     0.044387    0.052945
     0.048922    0.055503
     0.053844    0.058148
     0.059200    0.060886
     0.065032    0.063719
     0.071378    0.066646
     0.078261    0.069657
     0.085689    0.072734
     0.093653    0.075853
     0.102131    0.078993
     0.111094    0.082123
     0.120493    0.085215
     0.130267    0.088239
     0.140354    0.091173
     0.150705    0.094004
     0.161290    0.096721
     0.172083    0.099315
     0.183060    0.101777
     0.194199    0.104100
     0.205481    0.106279
     0.216890    0.108313
     0.228412    0.110199
     0.240036    0.111938
     0.251756    0.113530
     0.263563    0.114976
     0.275447    0.116276
     0.287385    0.117429
     0.299345    0.118434
     0.311291    0.119289
     0.323197    0.119987
     0.335062    0.120523
     0.346904    0.120891
     0.358765    0.121088
     0.370686    0.121119
     0.382695    0.120991
     0.394797    0.120709
     0.406981    0.120279
     0.419221    0.119703
     0.431499    0.118984
     0.443810    0.118122
     0.456162    0.117116
     0.468570    0.115970
     0.481049    0.114686
     0.493606    0.113268
     0.506241    0.111722
     0.518948    0.110051
     0.531713    0.108261
     0.544518    0.106357
     0.557338    0.104346
     0.570150    0.102234
     0.582948    0.100022
     0.595754    0.097705
     0.608612    0.095276
     0.621577    0.092729
     0.634651    0.090080
     0.647756    0.087358
     0.660734    0.084613
     0.673409    0.081870
     0.685698    0.079127
     0.697604    0.076366
     0.709192    0.073562
     0.720533    0.070749
     0.731593    0.068019
     0.742240    0.065477
     0.752308    0.063211
     0.761665    0.061240
     0.770280    0.059439
     0.778239    0.057688
     0.785661    0.055896
     0.792666    0.053991
     0.799361    0.051907
     0.805848    0.049570
     0.812238    0.046909
     0.818661    0.043895
     0.825247    0.040503
     0.832132    0.036697
     0.839468    0.032438
     0.847420    0.027705
     0.856117    0.022553
     0.865520    0.017123
     0.875399    0.011546
     0.885468    0.005952
     0.895491    0.000426
     0.905342   -0.005004
     0.914907   -0.010291
     0.923957   -0.015311
     0.932259   -0.019934
     0.939688   -0.024088
     0.946252   -0.027774
     0.952045   -0.031039
     0.957191   -0.033949
     0.961807   -0.036567
     0.965987   -0.038944
     0.969807   -0.041122
     0.973327   -0.043133
     0.976593   -0.045003
     0.979641   -0.046752
     0.982502   -0.048396
     0.985199   -0.049948
     0.986917   -0.050939
