     1.000885    0.039090
     0.997478    0.037316
     0.992301    0.035938
     0.986918    0.035753
     0.981321    0.035843
     0.975534    0.035419
     0.969452    0.034769
     0.962985    0.034227
     0.956109    0.033573
     0.948779    0.032714
     0.940974    0.031714
     0.932705    0.030524
     0.923966    0.029115
     0.914780    0.027473
     0.905191    0.025569
     0.895249    0.023383
     0.885029    0.020923
     0.874624    0.018193
     0.864141    0.015232
     0.853708    0.012077
     0.843447    0.008776
     0.833482    0.005386
     0.823899    0.001962
     0.814800   -0.001467
     0.806102   -0.004535
     0.796775   -0.006159
     0.786706   -0.008086
     0.775865   -0.010310
     0.764238   -0.012914
     0.751787   -0.015933
     0.738488   -0.019390
     0.724348   -0.023318
     0.709360   -0.027728
     0.693554   -0.032639
     0.676933   -0.038035
     0.659550   -0.043900
     0.641478   -0.050174
     0.622842   -0.056741
     0.603905   -0.063435
     0.584976   -0.070083
     0.566202   -0.076567
     0.547706   -0.082763
     0.529506   -0.088616
     0.511650   -0.094091
     0.494111   -0.099184
     0.476866   -0.103836
     0.459872   -0.108089
     0.443108   -0.111920
     0.426529   -0.115328
     0.410132   -0.118336
     0.393827   -0.120917
     0.377728   -0.123148
     0.361719   -0.124946
     0.345854   -0.126371
     0.330174   -0.127411
     0.314629   -0.128022
     0.299230   -0.128297
     0.284061   -0.128175
     0.269092   -0.127718
     0.254408   -0.126845
     0.239978   -0.125675
     0.225889   -0.124144
     0.212149   -0.122285
     0.198791   -0.120107
     0.185843   -0.117648
     0.173350   -0.114940
     0.161353   -0.111994
     0.149870   -0.108812
     0.138899   -0.105453
     0.128472   -0.101974
     0.118608   -0.098388
     0.109309   -0.094740
     0.100578   -0.091039
     0.092392   -0.087328
     0.084738   -0.083635
     0.077599   -0.079972
     0.070948   -0.076352
     0.064753   -0.072794
     0.058991   -0.069301
     0.053634   -0.065874
     0.048648   -0.062521
     0.044006   -0.059246
     0.039686   -0.056046
     0.035665   -0.052917
     0.031923   -0.049853
     0.028442   -0.046851
     0.025206   -0.043904
     0.022199   -0.041009
     0.019402   -0.038163
     0.016804   -0.035365
     0.014401   -0.032608
     0.012193   -0.029882
     0.010180   -0.027178
     0.008350   -0.024493
     0.006692   -0.021828
     0.005195   -0.019184
     0.003864   -0.016562
     0.002718   -0.013958
     0.001775   -0.011369
     0.001046   -0.008792
     0.000522   -0.006235
     0.000184   -0.003700
     0.000020   -0.001181
     0.000021    0.001338
     0.000182    0.003880
     0.000495    0.006471
     0.000959    0.009126
     0.001569    0.011849
     0.002324    0.014628
     0.003235    0.017446
     0.004314    0.020292
     0.005575    0.023161
     0.007021    0.026057
     0.008653    0.028988
     0.010464    0.031961
     0.012455    0.034975
     0.014635    0.038029
     0.017011    0.041124
     0.019597    0.044259
     0.022406    0.047434
     0.025453    0.050649
     0.028748    0.053909
     0.032304    0.057219
     0.036134    0.060581
     0.040260    0.063993
     0.044703    0.067453
     0.049486    0.070961
     0.054629    0.074517
     0.060155    0.078120
     0.066090    0.081760
     0.072464    0.085426
     0.079299    0.089112
     0.086620    0.092807
     0.094447    0.096494
     0.102799    0.100144
     0.111705    0.103738
     0.121142    0.107277
     0.131163    0.110654
     0.141739    0.113943
     0.152896    0.117019
     0.164574    0.119983
     0.176784    0.122660
     0.189516    0.125108
     0.202740    0.127281
     0.216448    0.129147
     0.230640    0.130687
     0.245294    0.131956
     0.260342    0.132864
     0.275826    0.133461
     0.291620    0.133727
     0.307817    0.133631
     0.324383    0.133198
     0.341327    0.132456
     0.358642    0.131367
     0.376251    0.129971
     0.394110    0.128260
     0.412253    0.126292
     0.430757    0.124039
     0.449664    0.121475
     0.468885    0.118652
     0.488435    0.115556
     0.508224    0.112228
     0.528202    0.108669
     0.548356    0.104966
     0.568675    0.101042
     0.589122    0.096965
     0.609557    0.092756
     0.629858    0.088457
     0.649858    0.084138
     0.669321    0.079854
     0.688001    0.075686
     0.705659    0.071708
     0.722095    0.067970
     0.737177    0.064514
     0.750893    0.061365
     0.763292    0.058509
     0.774478    0.055952
     0.784544    0.053613
     0.793653    0.051560
     0.801975    0.049552
     0.810280    0.049267
     0.819199    0.049061
     0.828893    0.048923
     0.839427    0.048776
     0.850786    0.048624
     0.862887    0.048461
     0.875568    0.048319
     0.888561    0.048191
     0.901549    0.048092
     0.914212    0.048006
     0.926279    0.047945
     0.937594    0.047918
     0.948077    0.047898
     0.957720    0.047900
     0.966552    0.047900
     0.974637    0.047882
     0.982047    0.047868
     0.988852    0.047858
     0.995117    0.047845
     0.999026    0.047834
