     0.987690   -0.053230
     0.986612   -0.053569
     0.984941   -0.053600
     0.983121   -0.053032
     0.980987   -0.051803
     0.978173   -0.049839
     0.973982   -0.047533
     0.968682   -0.045396
     0.963228   -0.043031
     0.957267   -0.040283
     0.950778   -0.037439
     0.944164   -0.034594
     0.937589   -0.031801
     0.931002   -0.029073
     0.924367   -0.026388
     0.917703   -0.023748
     0.911025   -0.021156
     0.904329   -0.018612
     0.897612   -0.016113
     0.890872   -0.013658
     0.884112   -0.011243
     0.877335   -0.008868
     0.870546   -0.006536
     0.863742   -0.004244
     0.856924   -0.001994
     0.850104    0.000209
     0.843251    0.002372
     0.836400    0.004491
     0.829575    0.006551
     0.822638    0.008600
     0.816008    0.010556
     0.809822    0.012267
     0.803787    0.013937
     0.799995    0.015069
     0.796198    0.015130
     0.790300    0.015146
     0.783637    0.015098
     0.776467    0.014982
     0.769241    0.014853
     0.762084    0.014689
     0.754904    0.014481
     0.747695    0.014235
     0.740499    0.013960
     0.733320    0.013647
     0.726131    0.013296
     0.718946    0.012910
     0.711759    0.012487
     0.704562    0.012032
     0.697373    0.011547
     0.690197    0.011029
     0.683018    0.010475
     0.675830    0.009888
     0.668639    0.009273
     0.661446    0.008633
     0.654251    0.007968
     0.647076    0.007281
     0.639893    0.006562
     0.632678    0.005823
     0.625500    0.005072
     0.618330    0.004292
     0.611126    0.003499
     0.603943    0.002700
     0.596771    0.001877
     0.589578    0.001034
     0.582381    0.000189
     0.575207   -0.000652
     0.568052   -0.001512
     0.560889   -0.002373
     0.553729   -0.003226
     0.546576   -0.004096
     0.539412   -0.004963
     0.532220   -0.005819
     0.525010   -0.006679
     0.517799   -0.007539
     0.510592   -0.008392
     0.503389   -0.009235
     0.496196   -0.010063
     0.489011   -0.010873
     0.481829   -0.011661
     0.474643   -0.012427
     0.467453   -0.013171
     0.460259   -0.013894
     0.453074   -0.014595
     0.445901   -0.015264
     0.438701   -0.015908
     0.431496   -0.016535
     0.424326   -0.017129
     0.417154   -0.017687
     0.409947   -0.018216
     0.402722   -0.018730
     0.395530   -0.019220
     0.388342   -0.019675
     0.381126   -0.020107
     0.373913   -0.020517
     0.366713   -0.020899
     0.359508   -0.021253
     0.352285   -0.021582
     0.345064   -0.021892
     0.337850   -0.022178
     0.330632   -0.022439
     0.323420   -0.022675
     0.316215   -0.022881
     0.309002   -0.023059
     0.301782   -0.023211
     0.294561   -0.023338
     0.287345   -0.023441
     0.280135   -0.023515
     0.272922   -0.023559
     0.265697   -0.023579
     0.258465   -0.023577
     0.251244   -0.023554
     0.244035   -0.023503
     0.236814   -0.023424
     0.229589   -0.023322
     0.222371   -0.023196
     0.215145   -0.023046
     0.207921   -0.022875
     0.200708   -0.022679
     0.193497   -0.022456
     0.186289   -0.022204
     0.179077   -0.021925
     0.171850   -0.021622
     0.164642   -0.021299
     0.157449   -0.020944
     0.150237   -0.020560
     0.143015   -0.020154
     0.135809   -0.019727
     0.128614   -0.019272
     0.121407   -0.018788
     0.114208   -0.018282
     0.107027   -0.017745
     0.099840   -0.017177
     0.092653   -0.016579
     0.085474   -0.015951
     0.078306   -0.015292
     0.071144   -0.014597
     0.063978   -0.013866
     0.056831   -0.013102
     0.049732   -0.012294
     0.042660   -0.011425
     0.035612   -0.010485
     0.028711   -0.009468
     0.021807   -0.008335
     0.015269   -0.007045
     0.010260   -0.005876
     0.004817   -0.004317
     0.002274   -0.002949
     0.001123   -0.002035
     0.000464   -0.001287
     0.000106   -0.000606
     0.000001    0.000055
     0.000146    0.000736
     0.000548    0.001483
     0.001291    0.002372
     0.002700    0.003621
     0.006544    0.006044
     0.011101    0.008283
     0.016359    0.010683
     0.022852    0.013332
     0.029218    0.015726
     0.035758    0.018017
     0.042406    0.020194
     0.049104    0.022259
     0.055868    0.024226
     0.062697    0.026114
     0.069555    0.027923
     0.076434    0.029651
     0.083345    0.031305
     0.090286    0.032891
     0.097243    0.034408
     0.104238    0.035866
     0.111265    0.037277
     0.118274    0.038627
     0.125299    0.039917
     0.132341    0.041151
     0.139378    0.042321
     0.146444    0.043436
     0.153569    0.044515
     0.160674    0.045556
     0.167674    0.046516
     0.174736    0.047400
     0.181875    0.048280
     0.188953    0.049118
     0.196065    0.049896
     0.203195    0.050630
     0.210290    0.051300
     0.217451    0.051932
     0.224610    0.052560
     0.231710    0.053134
     0.238843    0.053649
     0.246008    0.054116
     0.253148    0.054531
     0.260277    0.054888
     0.267487    0.055199
     0.274698    0.055494
     0.281835    0.055740
     0.289044    0.055941
     0.296271    0.056126
     0.303411    0.056265
     0.310539    0.056341
     0.317741    0.056366
     0.324959    0.056379
     0.332098    0.056355
     0.339276    0.056274
     0.346533    0.056173
     0.353774    0.056069
     0.360897    0.055933
     0.367979    0.055734
     0.375077    0.055552
     0.382125    0.055361
     0.389187    0.055102
     0.396280    0.054862
     0.403331    0.054605
     0.410419    0.054283
     0.417580    0.053973
     0.424758    0.053660
     0.431959    0.053313
     0.439170    0.052940
     0.446373    0.052541
     0.453584    0.052134
     0.460803    0.051735
     0.468002    0.051323
     0.475169    0.050877
     0.482337    0.050407
     0.489499    0.049954
     0.496630    0.049479
     0.503765    0.048986
     0.510908    0.048519
     0.518073    0.048030
     0.525299    0.047513
     0.532524    0.046989
     0.539735    0.046449
     0.546972    0.045900
     0.554215    0.045351
     0.561441    0.044796
     0.568660    0.044228
     0.575891    0.043652
     0.583099    0.043075
     0.590297    0.042479
     0.597515    0.041875
     0.604722    0.041271
     0.611936    0.040649
     0.619169    0.040017
     0.626386    0.039376
     0.633594    0.038728
     0.640801    0.038088
     0.648007    0.037443
     0.655230    0.036785
     0.662454    0.036126
     0.669662    0.035460
     0.676865    0.034794
     0.684063    0.034136
     0.691270    0.033464
     0.698502    0.032779
     0.705739    0.032090
     0.712965    0.031403
     0.720173    0.030725
     0.727363    0.030042
     0.734563    0.029341
     0.741786    0.028642
     0.749018    0.027944
     0.756245    0.027241
     0.763459    0.026533
     0.770674    0.025824
     0.777830    0.025134
     0.784654    0.024460
     0.791681    0.023700
     0.797666    0.023235
     0.801731    0.022603
     0.805809    0.021040
     0.811675    0.018706
     0.818172    0.016331
     0.824615    0.013884
     0.831364    0.011314
     0.838132    0.008743
     0.844893    0.006160
     0.851667    0.003561
     0.858429    0.000954
     0.865197   -0.001666
     0.871974   -0.004293
     0.878739   -0.006916
     0.885478   -0.009541
     0.892225   -0.012183
     0.898971   -0.014825
     0.905695   -0.017473
     0.912426   -0.020144
     0.919149   -0.022827
     0.925835   -0.025522
     0.932497   -0.028242
     0.939159   -0.030999
     0.945801   -0.033781
     0.952429   -0.036591
     0.959094   -0.039452
     0.965544   -0.042252
     0.971947   -0.045079
     0.978138   -0.047868
     0.982303   -0.049778
     0.984927   -0.050995
     0.986853   -0.051895
     0.987915   -0.052393
