     0.990699   -0.042638
     0.987096   -0.043390
     0.982190   -0.043076
     0.977611   -0.041361
     0.973021   -0.039097
     0.968128   -0.037188
     0.962900   -0.035574
     0.957421   -0.033742
     0.951635   -0.031709
     0.945428   -0.029684
     0.938774   -0.027623
     0.931685   -0.025493
     0.924141   -0.023349
     0.916142   -0.021200
     0.907712   -0.019071
     0.898885   -0.017006
     0.889718   -0.015034
     0.880293   -0.013180
     0.870708   -0.011471
     0.861080   -0.009920
     0.851530   -0.008536
     0.842175   -0.007326
     0.833112   -0.006291
     0.824414   -0.005393
     0.816165   -0.004676
     0.808335   -0.004142
     0.800868   -0.003665
     0.793351   -0.005000
     0.785276   -0.006397
     0.776532   -0.008116
     0.767060   -0.010087
     0.756815   -0.012386
     0.745726   -0.015047
     0.733751   -0.018098
     0.720856   -0.021594
     0.707013   -0.025541
     0.692234   -0.029992
     0.676521   -0.034921
     0.659923   -0.040337
     0.642516   -0.046194
     0.624418   -0.052386
     0.605886   -0.058759
     0.587261   -0.065143
     0.568677   -0.071427
     0.550254   -0.077483
     0.532048   -0.083236
     0.514139   -0.088648
     0.496519   -0.093696
     0.479180   -0.098310
     0.462083   -0.102535
     0.445215   -0.106340
     0.428525   -0.109719
     0.412018   -0.112698
     0.395584   -0.115247
     0.379358   -0.117451
     0.363191   -0.119223
     0.347150   -0.120629
     0.331285   -0.121643
     0.315529   -0.122217
     0.299905   -0.122474
     0.284490   -0.122314
     0.269280   -0.121843
     0.254321   -0.120923
     0.239635   -0.119730
     0.225276   -0.118163
     0.211273   -0.116266
     0.197651   -0.114051
     0.184453   -0.111565
     0.171733   -0.108839
     0.159538   -0.105863
     0.147867   -0.102656
     0.136737   -0.099305
     0.126190   -0.095840
     0.116234   -0.092291
     0.106884   -0.088686
     0.098120   -0.085045
     0.089926   -0.081421
     0.082288   -0.077823
     0.075181   -0.074263
     0.068568   -0.070763
     0.062424   -0.067332
     0.056718   -0.063966
     0.051413   -0.060675
     0.046479   -0.057465
     0.041891   -0.054332
     0.037624   -0.051270
     0.033654   -0.048274
     0.029961   -0.045340
     0.026527   -0.042461
     0.023334   -0.039631
     0.020362   -0.036851
     0.017597   -0.034116
     0.015039   -0.031418
     0.012690   -0.028743
     0.010547   -0.026081
     0.008597   -0.023432
     0.006825   -0.020795
     0.005219   -0.018171
     0.003798   -0.015554
     0.002590   -0.012941
     0.001618   -0.010332
     0.000894   -0.007734
     0.000396   -0.005164
     0.000104   -0.002628
     0.000000   -0.000119
     0.000075    0.002380
     0.000316    0.004893
     0.000712    0.007442
     0.001256    0.010040
     0.001940    0.012687
     0.002769    0.015375
     0.003756    0.018094
     0.004914    0.020836
     0.006259    0.023598
     0.007790    0.026385
     0.009504    0.029203
     0.011393    0.032058
     0.013459    0.034950
     0.015712    0.037880
     0.018161    0.040847
     0.020819    0.043852
     0.023702    0.046895
     0.026823    0.049975
     0.030195    0.053100
     0.033828    0.056275
     0.037739    0.059504
     0.041950    0.062783
     0.046484    0.066113
     0.051366    0.069491
     0.056621    0.072921
     0.062272    0.076403
     0.068348    0.079926
     0.074880    0.083483
     0.081896    0.087065
     0.089423    0.090661
     0.097482    0.094257
     0.106094    0.097818
     0.115293    0.101333
     0.125043    0.104792
     0.135421    0.108087
     0.146358    0.111294
     0.157915    0.114303
     0.169975    0.117180
     0.182600    0.119770
     0.195732    0.122128
     0.209344    0.124202
     0.223421    0.125953
     0.237961    0.127383
     0.252871    0.128555
     0.268138    0.129324
     0.283713    0.129847
     0.299484    0.129947
     0.315573    0.129796
     0.332073    0.129288
     0.348906    0.128447
     0.366070    0.127320
     0.383449    0.125889
     0.400974    0.124159
     0.418763    0.122189
     0.436967    0.119953
     0.455661    0.117432
     0.474690    0.114612
     0.494073    0.111554
     0.513695    0.108263
     0.533491    0.104752
     0.553500    0.101110
     0.573781    0.097213
     0.594271    0.093162
     0.614852    0.088953
     0.635432    0.084626
     0.655868    0.080253
     0.675975    0.075877
     0.695509    0.071570
     0.714238    0.067401
     0.731917    0.063439
     0.748367    0.059733
     0.763521    0.056313
     0.777386    0.053204
     0.789980    0.050365
     0.801381    0.047802
     0.811561    0.044820
     0.821382    0.040190
     0.831969    0.035394
     0.843321    0.030200
     0.855408    0.024711
     0.868003    0.018979
     0.880859    0.013171
     0.893632    0.007425
     0.906014    0.001889
     0.917745   -0.003348
     0.928669   -0.008195
     0.938738   -0.012641
     0.947950   -0.016701
     0.956356   -0.020388
     0.964013   -0.023755
     0.970997   -0.026845
     0.977396   -0.029668
     0.983277   -0.032258
     0.988696   -0.034648
     0.992080   -0.036142
