     1.001213    0.037650
     0.997494    0.036308
     0.991875    0.035252
     0.986084    0.035107
     0.980072    0.035076
     0.973798    0.034582
     0.967160    0.033963
     0.960117    0.033361
     0.952645    0.032560
     0.944704    0.031571
     0.936307    0.030403
     0.927465    0.029007
     0.918197    0.027368
     0.908549    0.025469
     0.898578    0.023287
     0.888354    0.020820
     0.877965    0.018080
     0.867507    0.015094
     0.857097    0.011907
     0.846853    0.008560
     0.836885    0.005114
     0.827293    0.001615
     0.818142   -0.001872
     0.809488   -0.005283
     0.800642   -0.007307
     0.791063   -0.009062
     0.780743   -0.011266
     0.769646   -0.013787
     0.757726   -0.016723
     0.744949   -0.020097
     0.731293   -0.023934
     0.716749   -0.028276
     0.701314   -0.033129
     0.684995   -0.038517
     0.667812   -0.044410
     0.649813   -0.050772
     0.631117   -0.057520
     0.611958   -0.064488
     0.592670   -0.071472
     0.573508   -0.078297
     0.554655   -0.084850
     0.536168   -0.091027
     0.518064   -0.096821
     0.500316   -0.102188
     0.482928   -0.107125
     0.465816   -0.111624
     0.448973   -0.115705
     0.432356   -0.119356
     0.415930   -0.122599
     0.399682   -0.125398
     0.383576   -0.127854
     0.367653   -0.129851
     0.351871   -0.131480
     0.336261   -0.132738
     0.320838   -0.133576
     0.305569   -0.134021
     0.290516   -0.134131
     0.275685   -0.133835
     0.261121   -0.133220
     0.246822   -0.132199
     0.232841   -0.130877
     0.219200   -0.129209
     0.205926   -0.127224
     0.193040   -0.124934
     0.180571   -0.122376
     0.168553   -0.119571
     0.157014   -0.116534
     0.145965   -0.113277
     0.135410   -0.109848
     0.125368   -0.106296
     0.115856   -0.102636
     0.106872   -0.098906
     0.098418   -0.095124
     0.090475   -0.091320
     0.083029   -0.087524
     0.076068   -0.083753
     0.069568   -0.080015
     0.063501   -0.076329
     0.057847   -0.072703
     0.052582   -0.069137
     0.047677   -0.065638
     0.043106   -0.062211
     0.038848   -0.058856
     0.034883   -0.055570
     0.031194   -0.052349
     0.027763   -0.049189
     0.024575   -0.046085
     0.021615   -0.043032
     0.018869   -0.040030
     0.016323   -0.037076
     0.013970   -0.034166
     0.011812   -0.031293
     0.009846   -0.028448
     0.008067   -0.025626
     0.006462   -0.022830
     0.005022   -0.020059
     0.003745   -0.017316
     0.002646   -0.014598
     0.001738   -0.011904
     0.001031   -0.009231
     0.000520   -0.006583
     0.000188   -0.003961
     0.000023   -0.001356
     0.000017    0.001248
     0.000164    0.003877
     0.000460    0.006556
     0.000904    0.009301
     0.001492    0.012114
     0.002228    0.014984
     0.003118    0.017895
     0.004176    0.020836
     0.005413    0.023804
     0.006832    0.026806
     0.008433    0.029847
     0.010213    0.032930
     0.012174    0.036056
     0.014323    0.039222
     0.016669    0.042429
     0.019224    0.045678
     0.022000    0.048967
     0.025010    0.052297
     0.028266    0.055671
     0.031777    0.059093
     0.035559    0.062562
     0.039629    0.066078
     0.044007    0.069639
     0.048713    0.073243
     0.053765    0.076889
     0.059183    0.080576
     0.064992    0.084290
     0.071217    0.088023
     0.077878    0.091769
     0.084995    0.095516
     0.092585    0.099246
     0.100668    0.102933
     0.109267    0.106561
     0.118370    0.110121
     0.128016    0.113535
     0.138193    0.116847
     0.148912    0.119963
     0.160155    0.122951
     0.171904    0.125683
     0.184179    0.128184
     0.196953    0.130423
     0.210228    0.132371
     0.224004    0.134008
     0.238295    0.135348
     0.253035    0.136379
     0.268271    0.137058
     0.283942    0.137447
     0.300069    0.137429
     0.316635    0.137108
     0.333650    0.136441
     0.351080    0.135411
     0.368920    0.134066
     0.387148    0.132386
     0.405767    0.130395
     0.424759    0.128090
     0.444105    0.125473
     0.463774    0.122595
     0.483766    0.119413
     0.504043    0.115982
     0.524568    0.112300
     0.545306    0.108436
     0.566173    0.104368
     0.587136    0.100136
     0.608058    0.095775
     0.628804    0.091327
     0.649189    0.086865
     0.668964    0.082451
     0.687865    0.078167
     0.705641    0.074097
     0.722087    0.070289
     0.737107    0.066785
     0.750705    0.063602
     0.762945    0.060728
     0.773941    0.058158
     0.783810    0.055817
     0.792723    0.053759
     0.800858    0.051765
     0.808788    0.051090
     0.817298    0.050880
     0.826549    0.050690
     0.836644    0.050495
     0.847602    0.050285
     0.859381    0.050061
     0.871858    0.049846
     0.884805    0.049641
     0.897908    0.049457
     0.910833    0.049296
     0.923263    0.049158
     0.934988    0.049065
     0.945894    0.048984
     0.955941    0.048930
     0.965148    0.048887
     0.973567    0.048830
     0.981273    0.048776
     0.988338    0.048729
     0.994831    0.048679
     0.998876    0.048644
