     0.993117   -0.030166
     0.988797   -0.027962
     0.981766   -0.024391
     0.973973   -0.020455
     0.965302   -0.016096
     0.955617   -0.011261
     0.944802   -0.005875
     0.932802    0.000109
     0.919656    0.006675
     0.905551    0.013772
     0.890840    0.021214
     0.876046    0.028722
     0.861739    0.035999
     0.848366    0.042816
     0.836153    0.049054
     0.825081    0.054727
     0.814819    0.059778
     0.803583    0.063106
     0.790750    0.066556
     0.776107    0.070478
     0.759458    0.074928
     0.740678    0.079923
     0.719876    0.085418
     0.697328    0.091310
     0.673464    0.097461
     0.648770    0.103719
     0.623670    0.109956
     0.598514    0.116054
     0.573530    0.121944
     0.548926    0.127548
     0.524785    0.132835
     0.501238    0.137763
     0.478352    0.142306
     0.456151    0.146435
     0.434611    0.150142
     0.413755    0.153424
     0.393589    0.156293
     0.374112    0.158728
     0.355308    0.160747
     0.337189    0.162365
     0.319760    0.163573
     0.302995    0.164399
     0.286903    0.164854
     0.271481    0.164941
     0.256693    0.164679
     0.242525    0.164080
     0.228954    0.163170
     0.215967    0.161959
     0.203538    0.160460
     0.191646    0.158678
     0.180254    0.156634
     0.169350    0.154343
     0.158909    0.151818
     0.148917    0.149073
     0.139352    0.146126
     0.130207    0.143002
     0.121472    0.139711
     0.113137    0.136273
     0.105196    0.132695
     0.097637    0.128990
     0.090448    0.125171
     0.083616    0.121254
     0.077134    0.117256
     0.070995    0.113180
     0.065186    0.109038
     0.059692    0.104852
     0.054509    0.100630
     0.049627    0.096381
     0.045035    0.092116
     0.040725    0.087845
     0.036687    0.083575
     0.032911    0.079315
     0.029388    0.075073
     0.026111    0.070853
     0.023073    0.066659
     0.020259    0.062498
     0.017656    0.058379
     0.015256    0.054306
     0.013052    0.050286
     0.011047    0.046317
     0.009252    0.042391
     0.007668    0.038505
     0.006283    0.034659
     0.005085    0.030857
     0.004051    0.027104
     0.003150    0.023409
     0.002357    0.019784
     0.001666    0.016237
     0.001085    0.012766
     0.000615    0.009367
     0.000269    0.006033
     0.000059    0.002746
     0.000002   -0.000528
     0.000107   -0.003829
     0.000366   -0.007196
     0.000772   -0.010647
     0.001316   -0.014180
     0.001995   -0.017780
     0.002808   -0.021438
     0.003756   -0.025151
     0.004857   -0.028912
     0.006138   -0.032715
     0.007624   -0.036555
     0.009319   -0.040432
     0.011224   -0.044347
     0.013338   -0.048303
     0.015659   -0.052303
     0.018186   -0.056351
     0.020924   -0.060443
     0.023880   -0.064575
     0.027069   -0.068738
     0.030506   -0.072923
     0.034203   -0.077127
     0.038171   -0.081347
     0.042420   -0.085575
     0.046963   -0.089808
     0.051809   -0.094046
     0.056963   -0.098283
     0.062438   -0.102506
     0.068251   -0.106702
     0.074410   -0.110866
     0.080928   -0.114979
     0.087823   -0.119030
     0.095103   -0.123013
     0.102779   -0.126909
     0.110864   -0.130707
     0.119366   -0.134397
     0.128288   -0.137964
     0.137632   -0.141390
     0.147404   -0.144651
     0.157601   -0.147736
     0.168220   -0.150615
     0.179269   -0.153269
     0.190737   -0.155695
     0.202608   -0.157866
     0.214875   -0.159765
     0.227513   -0.161375
     0.240516   -0.162673
     0.253861   -0.163641
     0.267547   -0.164277
     0.281539   -0.164557
     0.295833   -0.164467
     0.310427   -0.164001
     0.325292   -0.163151
     0.340424   -0.161906
     0.355808   -0.160257
     0.371439   -0.158191
     0.387322   -0.155700
     0.403453   -0.152771
     0.419852   -0.149399
     0.436541   -0.145547
     0.453565   -0.141208
     0.470992   -0.136362
     0.488858   -0.130987
     0.507228   -0.125078
     0.526120   -0.118623
     0.545577   -0.111621
     0.565603   -0.104078
     0.586146   -0.096051
     0.607027   -0.087673
     0.627835   -0.079176
     0.647949   -0.070931
     0.666809   -0.063250
     0.684128   -0.056317
     0.699865   -0.050176
     0.714122   -0.044787
     0.727037   -0.040073
     0.738751   -0.035963
     0.749396   -0.032368
     0.759098   -0.029228
     0.767965   -0.026474
     0.776108   -0.024064
     0.783611   -0.021916
     0.790517   -0.020034
     0.796942   -0.018439
     0.802935   -0.016779
     0.808874   -0.016334
     0.815116   -0.016331
     0.821684   -0.016346
     0.828644   -0.016509
     0.835983   -0.016754
     0.843668   -0.017119
     0.851693   -0.017635
     0.860026   -0.018315
     0.868619   -0.019175
     0.877418   -0.020235
     0.886365   -0.021509
     0.895394   -0.023002
     0.904441   -0.024710
     0.913438   -0.026616
     0.922314   -0.028713
     0.931012   -0.030987
     0.939484   -0.033410
     0.947674   -0.035973
     0.955553   -0.038700
     0.963117   -0.041583
     0.970359   -0.044617
     0.977304   -0.047770
     0.983973   -0.050942
     0.988255   -0.053040
