     1.000247    0.041917
     0.997621    0.039376
     0.993437    0.037357
     0.988867    0.036967
     0.983997    0.037234
     0.979000    0.037117
     0.973874    0.036470
     0.968454    0.035857
     0.962649    0.035403
     0.956443    0.034821
     0.949785    0.034059
     0.942638    0.033196
     0.934993    0.032175
     0.926824    0.030966
     0.918130    0.029555
     0.908934    0.027901
     0.899264    0.025980
     0.889183    0.023788
     0.878781    0.021322
     0.868169    0.018604
     0.857493    0.015676
     0.846901    0.012573
     0.836549    0.009366
     0.826558    0.006094
     0.817029    0.002824
     0.808034   -0.000524
     0.798482   -0.002331
     0.788099   -0.004011
     0.776942   -0.006013
     0.764983   -0.008380
     0.752215   -0.011160
     0.738633   -0.014359
     0.724269   -0.018015
     0.709138   -0.022110
     0.693298   -0.026676
     0.676778   -0.031666
     0.659634   -0.037076
     0.641936   -0.042859
     0.623783   -0.048896
     0.605413   -0.055046
     0.587087   -0.061164
     0.568845   -0.067194
     0.550740   -0.073009
     0.532822   -0.078554
     0.515176   -0.083783
     0.497797   -0.088676
     0.480673   -0.093153
     0.463780   -0.097264
     0.447105   -0.100971
     0.430600   -0.104260
     0.414282   -0.107166
     0.398041   -0.109644
     0.381994   -0.111811
     0.365944   -0.113551
     0.349962   -0.114946
     0.334114   -0.115968
     0.318329   -0.116546
     0.302626   -0.116824
     0.287107   -0.116690
     0.271764   -0.116258
     0.256648   -0.115365
     0.241756   -0.114216
     0.227140   -0.112687
     0.212835   -0.110818
     0.198875   -0.108627
     0.185317   -0.106166
     0.172236   -0.103463
     0.159687   -0.100487
     0.147665   -0.097285
     0.136214   -0.093954
     0.125386   -0.090508
     0.115196   -0.087001
     0.105664   -0.083434
     0.096759   -0.079865
     0.088476   -0.076329
     0.080795   -0.072833
     0.073676   -0.069398
     0.067086   -0.066044
     0.060991   -0.062766
     0.055350   -0.059572
     0.050122   -0.056470
     0.045278   -0.053456
     0.040787   -0.050524
     0.036618   -0.047668
     0.032749   -0.044883
     0.029155   -0.042160
     0.025817   -0.039494
     0.022712   -0.036882
     0.019820   -0.034322
     0.017135   -0.031807
     0.014658   -0.029321
     0.012386   -0.026852
     0.010309   -0.024393
     0.008411   -0.021946
     0.006677   -0.019514
     0.005105   -0.017093
     0.003721   -0.014680
     0.002550   -0.012266
     0.001609   -0.009848
     0.000903   -0.007429
     0.000411   -0.005022
     0.000115   -0.002632
     0.000002   -0.000252
     0.000065    0.002132
     0.000297    0.004545
     0.000690    0.007011
     0.001238    0.009543
     0.001934    0.012140
     0.002779    0.014788
     0.003785    0.017469
     0.004967    0.020169
     0.006341    0.022883
     0.007913    0.025618
     0.009680    0.028384
     0.011634    0.031190
     0.013773    0.034037
     0.016108    0.036925
     0.018651    0.039853
     0.021417    0.042822
     0.024424    0.045831
     0.027690    0.048882
     0.031228    0.051981
     0.035053    0.055139
     0.039181    0.058358
     0.043642    0.061635
     0.048464    0.064969
     0.053677    0.068359
     0.059308    0.071809
     0.065385    0.075318
     0.071944    0.078873
     0.079017    0.082464
     0.086634    0.086080
     0.094819    0.089706
     0.103584    0.093321
     0.112961    0.096870
     0.122926    0.100398
     0.133481    0.103745
     0.144625    0.107006
     0.156313    0.110021
     0.168517    0.112966
     0.181274    0.115598
     0.194557    0.118014
     0.208304    0.120152
     0.222482    0.121969
     0.237077    0.123451
     0.252002    0.124693
     0.267177    0.125526
     0.282593    0.126111
     0.298049    0.126318
     0.313691    0.126250
     0.329639    0.125843
     0.345904    0.125157
     0.362492    0.124162
     0.379238    0.122893
     0.396039    0.121349
     0.412978    0.119618
     0.430238    0.117633
     0.447940    0.115342
     0.466000    0.112860
     0.484412    0.110082
     0.503108    0.107105
     0.521976    0.103921
     0.540959    0.100571
     0.560157    0.097068
     0.579623    0.093347
     0.599214    0.089501
     0.618814    0.085524
     0.638296    0.081468
     0.657482    0.077414
     0.676164    0.073407
     0.694103    0.069515
     0.711091    0.065801
     0.726931    0.062320
     0.741479    0.059101
     0.754724    0.056174
     0.766713    0.053529
     0.777537    0.051165
     0.787280    0.048976
     0.796134    0.047118
     0.804378    0.045623
     0.813087    0.045567
     0.822569    0.045542
     0.832888    0.045483
     0.844072    0.045463
     0.856048    0.045428
     0.868664    0.045406
     0.881691    0.045411
     0.894799    0.045443
     0.907661    0.045498
     0.919976    0.045553
     0.931533    0.045633
     0.942241    0.045720
     0.952076    0.045809
     0.961066    0.045904
     0.969267    0.045980
     0.976757    0.046033
     0.983615    0.046091
     0.989912    0.046150
     0.995710    0.046202
     0.999329    0.046233
