     1.000000    0.009228
     0.996231    0.010133
     0.990171    0.011580
     0.983549    0.013147
     0.976279    0.014862
     0.968262    0.016747
     0.959375    0.018822
     0.949478    0.021140
     0.938421    0.023754
     0.926044    0.026697
     0.912206    0.030037
     0.896763    0.033808
     0.879645    0.038027
     0.860900    0.042681
     0.840688    0.047740
     0.819268    0.053116
     0.796952    0.058726
     0.773985    0.064474
     0.750706    0.070277
     0.727376    0.076044
     0.704143    0.081714
     0.680960    0.087271
     0.657927    0.092697
     0.635080    0.097957
     0.612457    0.103043
     0.590105    0.107928
     0.568063    0.112605
     0.546373    0.117041
     0.525038    0.121246
     0.504125    0.125190
     0.483699    0.128852
     0.463753    0.132224
     0.444259    0.135280
     0.425240    0.138036
     0.406692    0.140488
     0.388657    0.142627
     0.371107    0.144442
     0.354066    0.145953
     0.337540    0.147154
     0.321525    0.148039
     0.306045    0.148638
     0.291094    0.148936
     0.276663    0.148934
     0.262738    0.148654
     0.249308    0.148088
     0.236363    0.147272
     0.223897    0.146196
     0.211899    0.144882
     0.200358    0.143327
     0.189251    0.141550
     0.178574    0.139557
     0.168305    0.137360
     0.158439    0.134974
     0.148959    0.132415
     0.139867    0.129700
     0.131151    0.126840
     0.122808    0.123855
     0.114832    0.120752
     0.107211    0.117554
     0.099949    0.114268
     0.093028    0.110901
     0.086438    0.107481
     0.080178    0.104013
     0.074235    0.100504
     0.068596    0.096972
     0.063255    0.093426
     0.058202    0.089874
     0.053429    0.086316
     0.048924    0.082759
     0.044674    0.079211
     0.040669    0.075678
     0.036900    0.072162
     0.033358    0.068667
     0.030033    0.065194
     0.026919    0.061745
     0.024009    0.058318
     0.021296    0.054914
     0.018772    0.051534
     0.016429    0.048180
     0.014261    0.044853
     0.012262    0.041554
     0.010426    0.038283
     0.008750    0.035040
     0.007231    0.031826
     0.005867    0.028643
     0.004655    0.025492
     0.003592    0.022371
     0.002676    0.019277
     0.001902    0.016211
     0.001265    0.013178
     0.000762    0.010190
     0.000390    0.007259
     0.000144    0.004386
     0.000018    0.001557
     0.000012   -0.001253
     0.000127   -0.004075
     0.000371   -0.006935
     0.000754   -0.009845
     0.001287   -0.012805
     0.001974   -0.015803
     0.002814   -0.018831
     0.003806   -0.021882
     0.004949   -0.024956
     0.006249   -0.028054
     0.007710   -0.031179
     0.009337   -0.034328
     0.011134   -0.037504
     0.013099   -0.040708
     0.015234   -0.043942
     0.017545   -0.047209
     0.020037   -0.050509
     0.022717   -0.053843
     0.025593   -0.057213
     0.028672   -0.060620
     0.031963   -0.064066
     0.035474   -0.067555
     0.039212   -0.071085
     0.043188   -0.074656
     0.047414   -0.078262
     0.051904   -0.081899
     0.056672   -0.085563
     0.061726   -0.089255
     0.067073   -0.092966
     0.072730   -0.096681
     0.078707   -0.100397
     0.085007   -0.104105
     0.091642   -0.107784
     0.098620   -0.111425
     0.105939   -0.115014
     0.113608   -0.118526
     0.121631   -0.121948
     0.130007   -0.125269
     0.138731   -0.128468
     0.147807   -0.131521
     0.157234   -0.134423
     0.166995   -0.137159
     0.177094   -0.139693
     0.187533   -0.142029
     0.198299   -0.144150
     0.209386   -0.146043
     0.220786   -0.147696
     0.232487   -0.149102
     0.244477   -0.150242
     0.256747   -0.151108
     0.269297   -0.151692
     0.282089   -0.151997
     0.295125   -0.151992
     0.308399   -0.151680
     0.321896   -0.151062
     0.335596   -0.150124
     0.349501   -0.148859
     0.363601   -0.147261
     0.377891   -0.145324
     0.392393   -0.143036
     0.407088   -0.140400
     0.422006   -0.137403
     0.437144   -0.134032
     0.452539   -0.130290
     0.468206   -0.126153
     0.484169   -0.121616
     0.500495   -0.116641
     0.517238   -0.111246
     0.534441   -0.105386
     0.552159   -0.099074
     0.570458   -0.092300
     0.589307   -0.085104
     0.608640   -0.077574
     0.628185   -0.069870
     0.647557   -0.062255
     0.666379   -0.054951
     0.684457   -0.048102
     0.701759   -0.041776
     0.718344   -0.035968
     0.734274   -0.030677
     0.749616   -0.025871
     0.764398   -0.021532
     0.778671   -0.017657
     0.792513   -0.014239
     0.805998   -0.011244
     0.819131   -0.008618
     0.831915   -0.006359
     0.844337   -0.004443
     0.856393   -0.002861
     0.868073   -0.001598
     0.879368   -0.000638
     0.890277    0.000024
     0.900800    0.000409
     0.910938    0.000533
     0.920687    0.000439
     0.930028    0.000147
     0.938960   -0.000330
     0.947485   -0.000957
     0.955592   -0.001708
     0.963288   -0.002593
     0.970595   -0.003592
     0.977522   -0.004683
     0.984091   -0.005858
     0.990327   -0.007068
     0.996237   -0.008265
     1.000000   -0.009052
