     0.998142    0.052998
     0.993278    0.053256
     0.985398    0.053658
     0.976725    0.054083
     0.967171    0.054532
     0.956652    0.054997
     0.945129    0.055494
     0.932665    0.056040
     0.919448    0.056621
     0.905798    0.057256
     0.892118    0.057921
     0.878837    0.058588
     0.866298    0.059227
     0.854702    0.059825
     0.844114    0.060377
     0.834492    0.060893
     0.825743    0.061333
     0.817752    0.061853
     0.810311    0.062105
     0.803329    0.063185
     0.795992    0.065135
     0.787897    0.067319
     0.778857    0.069742
     0.768691    0.072464
     0.757174    0.075535
     0.744064    0.079023
     0.729140    0.082979
     0.712224    0.087425
     0.693264    0.092363
     0.672385    0.097737
     0.649923    0.103429
     0.626321    0.109303
     0.602063    0.115205
     0.577540    0.121010
     0.553111    0.126611
     0.528963    0.131933
     0.505297    0.136930
     0.482226    0.141557
     0.459812    0.145776
     0.438053    0.149569
     0.416974    0.152938
     0.396584    0.155889
     0.376894    0.158401
     0.357885    0.160490
     0.339568    0.162172
     0.321953    0.163442
     0.305010    0.164319
     0.288750    0.164819
     0.273172    0.164950
     0.258238    0.164723
     0.243933    0.164155
     0.230232    0.163271
     0.217125    0.162081
     0.204583    0.160599
     0.192585    0.158832
     0.181094    0.156796
     0.170096    0.154511
     0.159565    0.151987
     0.149487    0.149239
     0.139840    0.146284
     0.130616    0.143149
     0.121804    0.139841
     0.113395    0.136384
     0.105382    0.132783
     0.097753    0.129049
     0.090497    0.125198
     0.083600    0.121245
     0.077055    0.117205
     0.070856    0.113084
     0.064989    0.108893
     0.059440    0.104653
     0.054205    0.100373
     0.049273    0.096062
     0.044636    0.091731
     0.040283    0.087391
     0.036206    0.083048
     0.032395    0.078711
     0.028841    0.074389
     0.025539    0.070086
     0.022480    0.065805
     0.019648    0.061555
     0.017031    0.057345
     0.014623    0.053181
     0.012417    0.049067
     0.010423    0.044999
     0.008651    0.040970
     0.007096    0.036976
     0.005747    0.033021
     0.004587    0.029109
     0.003586    0.025250
     0.002712    0.021453
     0.001945    0.017723
     0.001291    0.014067
     0.000759    0.010492
     0.000358    0.007009
     0.000101    0.003616
     0.000001    0.000290
     0.000066   -0.003008
     0.000285   -0.006316
     0.000642   -0.009661
     0.001129   -0.013057
     0.001742   -0.016514
     0.002482   -0.020036
     0.003351   -0.023625
     0.004358   -0.027272
     0.005526   -0.030965
     0.006881   -0.034696
     0.008436   -0.038466
     0.010193   -0.042277
     0.012154   -0.046130
     0.014318   -0.050029
     0.016682   -0.053976
     0.019249   -0.057973
     0.022025   -0.062015
     0.025021   -0.066097
     0.028252   -0.070211
     0.031732   -0.074350
     0.035474   -0.078510
     0.039487   -0.082687
     0.043784   -0.086875
     0.048377   -0.091072
     0.053273   -0.095276
     0.058480   -0.099481
     0.064013   -0.103670
     0.069888   -0.107837
     0.076114   -0.111969
     0.082706   -0.116051
     0.089680   -0.120073
     0.097043   -0.124026
     0.104811   -0.127892
     0.112994   -0.131659
     0.121600   -0.135318
     0.130631   -0.138852
     0.140090   -0.142240
     0.149984   -0.145462
     0.160307   -0.148502
     0.171060   -0.151329
     0.182248   -0.153930
     0.193856   -0.156298
     0.205871   -0.158404
     0.218282   -0.160234
     0.231067   -0.161764
     0.244217   -0.162979
     0.257716   -0.163854
     0.271548   -0.164395
     0.285692   -0.164570
     0.300140   -0.164366
     0.314887   -0.163786
     0.329908   -0.162811
     0.345194   -0.161435
     0.360736   -0.159648
     0.376530   -0.157434
     0.392580   -0.154791
     0.408894   -0.151697
     0.425481   -0.148147
     0.442390   -0.144106
     0.459666   -0.139554
     0.477373   -0.134487
     0.495569   -0.128869
     0.514314   -0.122702
     0.533650   -0.115954
     0.553627   -0.108626
     0.574278   -0.100720
     0.595564   -0.092291
     0.617270   -0.083500
     0.638936   -0.074624
     0.659868   -0.066068
     0.679565   -0.058132
     0.697824   -0.050963
     0.714660   -0.044587
     0.730157   -0.038962
     0.744417   -0.034032
     0.757529   -0.029726
     0.769602   -0.025981
     0.780722   -0.022736
     0.790998   -0.019923
     0.800468   -0.017464
     0.809221   -0.015399
     0.817304   -0.012518
     0.825319   -0.008771
     0.833836   -0.005026
     0.842743   -0.001248
     0.852001    0.002470
     0.861550    0.006088
     0.871318    0.009549
     0.881230    0.012813
     0.891215    0.015834
     0.901208    0.018586
     0.911150    0.021051
     0.920981    0.023232
     0.930637    0.025126
     0.940075    0.026731
     0.949257    0.028062
     0.958140    0.029123
     0.966723    0.029882
     0.975014    0.030352
     0.983016    0.030539
     0.990752    0.030486
     0.998207    0.030300
     1.003004    0.030124
