     0.990046   -0.045515
     0.986166   -0.045237
     0.980702   -0.043962
     0.975462   -0.041809
     0.970102   -0.039432
     0.964348   -0.037364
     0.958229   -0.035307
     0.951789   -0.033067
     0.944935   -0.030825
     0.937629   -0.028586
     0.929900   -0.026324
     0.921759   -0.024095
     0.913226   -0.021918
     0.904354   -0.019822
     0.895206   -0.017845
     0.885855   -0.016018
     0.876395   -0.014358
     0.866926   -0.012880
     0.857552   -0.011584
     0.848375   -0.010467
     0.839483   -0.009524
     0.830943   -0.008749
     0.822793   -0.008105
     0.815090   -0.007593
     0.807818   -0.007260
     0.800911   -0.007093
     0.793999   -0.008579
     0.786597   -0.009998
     0.778631   -0.011717
     0.769974   -0.013716
     0.760595   -0.015995
     0.750414   -0.018627
     0.739356   -0.021639
     0.727366   -0.025083
     0.714377   -0.029006
     0.700352   -0.033440
     0.685260   -0.038428
     0.669093   -0.043963
     0.651885   -0.050030
     0.633745   -0.056568
     0.614901   -0.063419
     0.595714   -0.070373
     0.576522   -0.077230
     0.557556   -0.083855
     0.538930   -0.090121
     0.520674   -0.096006
     0.502788   -0.101456
     0.485276   -0.106480
     0.468060   -0.111053
     0.451127   -0.115204
     0.434437   -0.118921
     0.417949   -0.122220
     0.401659   -0.125079
     0.385503   -0.127577
     0.369558   -0.129630
     0.353751   -0.131307
     0.338117   -0.132609
     0.322683   -0.133497
     0.307408   -0.133984
     0.292341   -0.134141
     0.277510   -0.133890
     0.262932   -0.133321
     0.248635   -0.132344
     0.234642   -0.131071
     0.220991   -0.129449
     0.207703   -0.127511
     0.194799   -0.125268
     0.182303   -0.122752
     0.170248   -0.119988
     0.158663   -0.116990
     0.147560   -0.113768
     0.136939   -0.110363
     0.126819   -0.106828
     0.117219   -0.103179
     0.108137   -0.099449
     0.099577   -0.095659
     0.091523   -0.091836
     0.083963   -0.088013
     0.076884   -0.084207
     0.070267   -0.080427
     0.064085   -0.076692
     0.058317   -0.073013
     0.052943   -0.069388
     0.047933   -0.065825
     0.043262   -0.062331
     0.038910   -0.058906
     0.034857   -0.055548
     0.031085   -0.052252
     0.027578   -0.049014
     0.024321   -0.045829
     0.021299   -0.042695
     0.018496   -0.039608
     0.015900   -0.036567
     0.013507   -0.033567
     0.011317   -0.030600
     0.009331   -0.027656
     0.007538   -0.024735
     0.005929   -0.021837
     0.004491   -0.018959
     0.003232   -0.016102
     0.002172   -0.013264
     0.001328   -0.010449
     0.000707   -0.007665
     0.000291   -0.004922
     0.000060   -0.002221
     0.000002    0.000452
     0.000106    0.003119
     0.000363    0.005807
     0.000767    0.008535
     0.001311    0.011311
     0.001995    0.014134
     0.002828    0.016999
     0.003821    0.019898
     0.004987    0.022827
     0.006332    0.025787
     0.007855    0.028783
     0.009553    0.031817
     0.011424    0.034890
     0.013476    0.038003
     0.015716    0.041155
     0.018155    0.044347
     0.020804    0.047578
     0.023675    0.050847
     0.026780    0.054157
     0.030128    0.057512
     0.033733    0.060913
     0.037609    0.064360
     0.041775    0.067850
     0.046251    0.071384
     0.051054    0.074959
     0.056203    0.078576
     0.061719    0.082227
     0.067628    0.085900
     0.073952    0.089591
     0.080710    0.093290
     0.087922    0.096986
     0.095605    0.100658
     0.103782    0.104279
     0.112466    0.107846
     0.121651    0.111321
     0.131386    0.114662
     0.141632    0.117888
     0.152436    0.120928
     0.163735    0.123826
     0.175560    0.126464
     0.187901    0.128875
     0.200746    0.131018
     0.214099    0.132870
     0.227966    0.134410
     0.242347    0.135674
     0.257191    0.136596
     0.272549    0.137199
     0.288333    0.137481
     0.304626    0.137383
     0.321357    0.136948
     0.338547    0.136186
     0.356195    0.135060
     0.374262    0.133603
     0.392740    0.131804
     0.411628    0.129701
     0.430922    0.127286
     0.450613    0.124553
     0.470631    0.121526
     0.491015    0.118209
     0.511707    0.114628
     0.532691    0.110796
     0.553908    0.106782
     0.575330    0.102535
     0.596892    0.098119
     0.618490    0.093555
     0.640007    0.088885
     0.661247    0.084181
     0.681975    0.079509
     0.701917    0.074953
     0.720773    0.070594
     0.738317    0.066501
     0.754424    0.062728
     0.769053    0.059300
     0.782251    0.056200
     0.794103    0.053393
     0.804831    0.050946
     0.814453    0.047523
     0.824302    0.042835
     0.835012    0.037808
     0.846627    0.032360
     0.859054    0.026540
     0.872060    0.020463
     0.885331    0.014293
     0.898484    0.008208
     0.911170    0.002366
     0.923115   -0.003114
     0.934186   -0.008149
     0.944333   -0.012757
     0.953581   -0.016933
     0.961984   -0.020722
     0.969615   -0.024183
     0.976570   -0.027338
     0.982928   -0.030219
     0.988757   -0.032868
     0.992383   -0.034521
