     0.989372   -0.048447
     0.985486   -0.047202
     0.979597   -0.045026
     0.973587   -0.042502
     0.967276   -0.039920
     0.960511   -0.037443
     0.953338   -0.034926
     0.945794   -0.032423
     0.937850   -0.029983
     0.929543   -0.027586
     0.920919   -0.025283
     0.912019   -0.023102
     0.902914   -0.021059
     0.893685   -0.019186
     0.884405   -0.017510
     0.875161   -0.016034
     0.866035   -0.014759
     0.857111   -0.013676
     0.848459   -0.012772
     0.840136   -0.012032
     0.832190   -0.011444
     0.824629   -0.010993
     0.817473   -0.010624
     0.810749   -0.010385
     0.804396   -0.010189
     0.798260   -0.011224
     0.791757   -0.012577
     0.784746   -0.014218
     0.777146   -0.016069
     0.768922   -0.018173
     0.759983   -0.020590
     0.750244   -0.023352
     0.739617   -0.026509
     0.728016   -0.030114
     0.715351   -0.034234
     0.701530   -0.038926
     0.686482   -0.044237
     0.670134   -0.050203
     0.652491   -0.056817
     0.633677   -0.063992
     0.614013   -0.071540
     0.594001   -0.079168
     0.574103   -0.086623
     0.554572   -0.093729
     0.535531   -0.100387
     0.516976   -0.106577
     0.498876   -0.112268
     0.481220   -0.117482
     0.463921   -0.122205
     0.446949   -0.126474
     0.430262   -0.130297
     0.413833   -0.133676
     0.397647   -0.136623
     0.381661   -0.139165
     0.365919   -0.141283
     0.350375   -0.143004
     0.335046   -0.144334
     0.319952   -0.145267
     0.305079   -0.145814
     0.290455   -0.146004
     0.276112   -0.145817
     0.262035   -0.145281
     0.248284   -0.144399
     0.234845   -0.143187
     0.221757   -0.141650
     0.209027   -0.139811
     0.196677   -0.137679
     0.184717   -0.135271
     0.173162   -0.132614
     0.162030   -0.129714
     0.151321   -0.126599
     0.141049   -0.123291
     0.131215   -0.119808
     0.121823   -0.116187
     0.112882   -0.112450
     0.104390   -0.108616
     0.096343   -0.104712
     0.088734   -0.100760
     0.081555   -0.096778
     0.074791   -0.092793
     0.068435   -0.088815
     0.062468   -0.084853
     0.056872   -0.080926
     0.051633   -0.077039
     0.046735   -0.073192
     0.042156   -0.069394
     0.037877   -0.065649
     0.033884   -0.061962
     0.030163   -0.058329
     0.026701   -0.054747
     0.023487   -0.051213
     0.020509   -0.047725
     0.017755   -0.044280
     0.015216   -0.040878
     0.012881   -0.037515
     0.010750   -0.034188
     0.008822   -0.030892
     0.007094   -0.027624
     0.005560   -0.024383
     0.004211   -0.021169
     0.003041   -0.017982
     0.002057   -0.014822
     0.001268   -0.011695
     0.000680   -0.008608
     0.000283   -0.005571
     0.000061   -0.002581
     0.000001    0.000374
     0.000095    0.003321
     0.000337    0.006284
     0.000722    0.009284
     0.001252    0.012327
     0.001929    0.015415
     0.002762    0.018545
     0.003759    0.021713
     0.004929    0.024918
     0.006275    0.028160
     0.007796    0.031439
     0.009492    0.034755
     0.011370    0.038108
     0.013433    0.041498
     0.015688    0.044925
     0.018145    0.048389
     0.020812    0.051887
     0.023698    0.055420
     0.026814    0.058988
     0.030171    0.062590
     0.033779    0.066227
     0.037649    0.069898
     0.041796    0.073601
     0.046233    0.077335
     0.050974    0.081094
     0.056035    0.084875
     0.061433    0.088664
     0.067188    0.092457
     0.073313    0.096249
     0.079820    0.100029
     0.086723    0.103780
     0.094044    0.107482
     0.101790    0.111127
     0.109972    0.114693
     0.118605    0.118151
     0.127703    0.121491
     0.137265    0.124696
     0.147307    0.127736
     0.157822    0.130608
     0.168819    0.133265
     0.180311    0.135698
     0.192299    0.137885
     0.204804    0.139808
     0.217831    0.141450
     0.231410    0.142800
     0.245526    0.143859
     0.260206    0.144595
     0.275439    0.145017
     0.291229    0.145088
     0.307604    0.144816
     0.324564    0.144181
     0.342098    0.143201
     0.360207    0.141859
     0.378874    0.140152
     0.398091    0.138087
     0.417842    0.135655
     0.438113    0.132879
     0.458882    0.129763
     0.480120    0.126298
     0.501844    0.122509
     0.524032    0.118403
     0.546606    0.114039
     0.569444    0.109430
     0.592486    0.104601
     0.615591    0.099603
     0.638589    0.094485
     0.661230    0.089328
     0.683215    0.084213
     0.704201    0.079259
     0.723828    0.074555
     0.741872    0.070185
     0.758201    0.066208
     0.772801    0.062639
     0.785787    0.059463
     0.797363    0.056587
     0.807827    0.054114
     0.817452    0.050159
     0.827801    0.045156
     0.839182    0.039655
     0.851603    0.033663
     0.864886    0.027265
     0.878715    0.020632
     0.892658    0.013970
     0.906257    0.007505
     0.919139    0.001411
     0.931086   -0.004193
     0.942009   -0.009293
     0.951905   -0.013893
     0.960846   -0.018032
     0.968916   -0.021783
     0.976225   -0.025188
     0.982867   -0.028286
     0.988925   -0.031121
     0.992679   -0.032885
