     0.998289    0.052036
     0.993745    0.052215
     0.986400    0.052492
     0.978336    0.052781
     0.969465    0.053088
     0.959704    0.053406
     0.948986    0.053744
     0.937312    0.054126
     0.924772    0.054548
     0.911588    0.055021
     0.898082    0.055541
     0.884665    0.056083
     0.871730    0.056621
     0.859579    0.057138
     0.848367    0.057624
     0.838136    0.058075
     0.828846    0.058501
     0.820402    0.058854
     0.812705    0.059219
     0.805589    0.059532
     0.798658    0.061318
     0.791080    0.063278
     0.782675    0.065471
     0.773273    0.067899
     0.762685    0.070637
     0.750688    0.073725
     0.737071    0.077219
     0.721645    0.081152
     0.704294    0.085537
     0.685042    0.090338
     0.664094    0.095499
     0.641800    0.100890
     0.618575    0.106384
     0.594836    0.111857
     0.570918    0.117215
     0.547105    0.122358
     0.523552    0.127247
     0.500437    0.131825
     0.477878    0.136052
     0.455913    0.139898
     0.434526    0.143356
     0.413756    0.146415
     0.393626    0.149085
     0.374142    0.151339
     0.355294    0.153202
     0.337108    0.154672
     0.319579    0.155746
     0.302710    0.156454
     0.286504    0.156797
     0.270947    0.156772
     0.256018    0.156406
     0.241693    0.155703
     0.227966    0.154694
     0.214814    0.153383
     0.202223    0.151785
     0.190163    0.149904
     0.178614    0.147767
     0.167554    0.145379
     0.156968    0.142762
     0.146836    0.139928
     0.137148    0.136908
     0.127896    0.133709
     0.119069    0.130358
     0.110663    0.126862
     0.102661    0.123241
     0.095059    0.119508
     0.087841    0.115675
     0.080995    0.111768
     0.074519    0.107791
     0.068394    0.103757
     0.062607    0.099689
     0.057151    0.095595
     0.052017    0.091484
     0.047193    0.087362
     0.042665    0.083240
     0.038423    0.079127
     0.034454    0.075029
     0.030751    0.070951
     0.027303    0.066897
     0.024100    0.062871
     0.021131    0.058876
     0.018388    0.054916
     0.015860    0.050995
     0.013540    0.047115
     0.011432    0.043274
     0.009533    0.039468
     0.007838    0.035696
     0.006339    0.031961
     0.005025    0.028268
     0.003882    0.024621
     0.002893    0.021024
     0.002049    0.017478
     0.001348    0.013987
     0.000792    0.010560
     0.000380    0.007207
     0.000117    0.003930
     0.000004    0.000712
     0.000046   -0.002478
     0.000239   -0.005671
     0.000581   -0.008890
     0.001071   -0.012148
     0.001713   -0.015452
     0.002508   -0.018807
     0.003456   -0.022216
     0.004562   -0.025674
     0.005836   -0.029173
     0.007293   -0.032708
     0.008946   -0.036277
     0.010797   -0.039884
     0.012848   -0.043530
     0.015102   -0.047218
     0.017562   -0.050951
     0.020231   -0.054730
     0.023119   -0.058556
     0.026233   -0.062427
     0.029584   -0.066342
     0.033186   -0.070297
     0.037051   -0.074289
     0.041191   -0.078315
     0.045620   -0.082370
     0.050354   -0.086447
     0.055405   -0.090546
     0.060781   -0.094663
     0.066497   -0.098782
     0.072571   -0.102892
     0.079011   -0.106986
     0.085830   -0.111043
     0.093045   -0.115049
     0.100659   -0.118995
     0.108685   -0.122855
     0.117134   -0.126613
     0.126007   -0.130259
     0.135305   -0.133770
     0.145032   -0.137121
     0.155188   -0.140299
     0.165761   -0.143280
     0.176758   -0.146033
     0.188175   -0.148552
     0.199997   -0.150820
     0.212216   -0.152813
     0.224818   -0.154522
     0.237780   -0.155921
     0.251095   -0.156998
     0.264755   -0.157733
     0.278726   -0.158132
     0.293000   -0.158159
     0.307571   -0.157810
     0.322417   -0.157088
     0.337524   -0.155970
     0.352883   -0.154454
     0.368487   -0.152528
     0.384337   -0.150175
     0.400437   -0.147400
     0.416801   -0.144181
     0.433436   -0.140504
     0.450392   -0.136357
     0.467709   -0.131715
     0.485423   -0.126567
     0.503620   -0.120881
     0.522337   -0.114663
     0.541648   -0.107883
     0.561591   -0.100536
     0.582174   -0.092663
     0.603309   -0.084349
     0.624669   -0.075798
     0.645709   -0.067351
     0.665825   -0.059349
     0.684675   -0.052007
     0.702176   -0.045410
     0.718373   -0.039543
     0.733345   -0.034368
     0.747173   -0.029824
     0.759924   -0.025853
     0.771688   -0.022399
     0.782544   -0.019413
     0.792592   -0.016832
     0.801873   -0.014588
     0.810443   -0.012583
     0.818392   -0.009437
     0.826509   -0.005780
     0.835151   -0.002161
     0.844184    0.001490
     0.853570    0.005075
     0.863244    0.008558
     0.873124    0.011883
     0.883131    0.015008
     0.893188    0.017889
     0.903226    0.020502
     0.913181    0.022829
     0.922986    0.024882
     0.932577    0.026653
     0.941910    0.028145
     0.950947    0.029383
     0.959643    0.030367
     0.968002    0.031079
     0.976025    0.031546
     0.983712    0.031778
     0.991079    0.031826
     0.998115    0.031775
     1.002612    0.031701
