     0.997997    0.053956
     0.992762    0.054301
     0.984258    0.054847
     0.974878    0.055427
     0.964529    0.056034
     0.953137    0.056668
     0.940705    0.057341
     0.927370    0.058060
     0.913435    0.058816
     0.899314    0.059618
     0.885469    0.060429
     0.872310    0.061212
     0.860104    0.061946
     0.848956    0.062616
     0.838850    0.063238
     0.829691    0.063791
     0.821374    0.064307
     0.813745    0.064834
     0.806637    0.065268
     0.799658    0.067264
     0.792009    0.069334
     0.783536    0.071704
     0.774033    0.074327
     0.763300    0.077293
     0.751086    0.080649
     0.737142    0.084479
     0.721249    0.088818
     0.703257    0.093689
     0.683190    0.099074
     0.661232    0.104898
     0.637723    0.111041
     0.613209    0.117328
     0.588202    0.123580
     0.563132    0.129685
     0.538314    0.135512
     0.513957    0.141012
     0.490223    0.146115
     0.467207    0.150790
     0.444923    0.155007
     0.423378    0.158776
     0.402581    0.162086
     0.382546    0.164936
     0.363246    0.167334
     0.344665    0.169294
     0.326827    0.170834
     0.309701    0.171945
     0.293275    0.172664
     0.277544    0.173012
     0.262496    0.172983
     0.248095    0.172606
     0.234319    0.171896
     0.221147    0.170877
     0.208557    0.169560
     0.196521    0.167956
     0.185008    0.166072
     0.173984    0.163930
     0.163434    0.161545
     0.153334    0.158930
     0.143667    0.156096
     0.134411    0.153063
     0.125559    0.149851
     0.117098    0.146471
     0.109019    0.142942
     0.101318    0.139270
     0.093983    0.135459
     0.086999    0.131523
     0.080354    0.127479
     0.074042    0.123340
     0.068059    0.119110
     0.062395    0.114793
     0.057032    0.110410
     0.051967    0.105976
     0.047194    0.101493
     0.042702    0.096977
     0.038483    0.092439
     0.034533    0.087886
     0.030843    0.083328
     0.027404    0.078773
     0.024213    0.074229
     0.021264    0.069699
     0.018543    0.065193
     0.016031    0.060724
     0.013719    0.056302
     0.011600    0.051935
     0.009686    0.047625
     0.007997    0.043363
     0.006545    0.039136
     0.005314    0.034946
     0.004285    0.030800
     0.003418    0.026705
     0.002658    0.022676
     0.001963    0.018728
     0.001343    0.014869
     0.000814    0.011109
     0.000397    0.007461
     0.000119    0.003922
     0.000002    0.000465
     0.000063   -0.002956
     0.000280   -0.006389
     0.000627   -0.009868
     0.001080   -0.013410
     0.001629   -0.017026
     0.002276   -0.020721
     0.003022   -0.024494
     0.003887   -0.028330
     0.004906   -0.032214
     0.006118   -0.036138
     0.007533   -0.040104
     0.009155   -0.044112
     0.010982   -0.048164
     0.013010   -0.052263
     0.015228   -0.056414
     0.017641   -0.060612
     0.020254   -0.064852
     0.023081   -0.069121
     0.026140   -0.073408
     0.029448   -0.077703
     0.033016   -0.082004
     0.036849   -0.086308
     0.040958   -0.090610
     0.045353   -0.094907
     0.050037   -0.099199
     0.055017   -0.103478
     0.060309   -0.107729
     0.065927   -0.111944
     0.071879   -0.116115
     0.078183   -0.120224
     0.084856   -0.124269
     0.091904   -0.128243
     0.099344   -0.132128
     0.107192   -0.135920
     0.115454   -0.139611
     0.124141   -0.143188
     0.133252   -0.146638
     0.142797   -0.149931
     0.152779   -0.153060
     0.163197   -0.155998
     0.174057   -0.158720
     0.185358   -0.161228
     0.197074   -0.163495
     0.209202   -0.165495
     0.221720   -0.167217
     0.234616   -0.168628
     0.247870   -0.169718
     0.261477   -0.170468
     0.275411   -0.170866
     0.289661   -0.170895
     0.304226   -0.170536
     0.319084   -0.169791
     0.334228   -0.168647
     0.349641   -0.167089
     0.365315   -0.165109
     0.381252   -0.162696
     0.397449   -0.159835
     0.413922   -0.156518
     0.430695   -0.152706
     0.447825   -0.148385
     0.465401   -0.143520
     0.483469   -0.138104
     0.502093   -0.132118
     0.521306   -0.125554
     0.541157   -0.118389
     0.561678   -0.110620
     0.582892   -0.102258
     0.604704   -0.093393
     0.626801   -0.084215
     0.648611   -0.075086
     0.669475   -0.066391
     0.688955   -0.058409
     0.706903   -0.051264
     0.723385   -0.044947
     0.738496   -0.039407
     0.752361   -0.034563
     0.765104   -0.030352
     0.776825   -0.026694
     0.787637   -0.023526
     0.797592   -0.020735
     0.806779   -0.018443
     0.815291   -0.015900
     0.823386   -0.012146
     0.831870   -0.008211
     0.840744   -0.004261
     0.849964   -0.000362
     0.859468    0.003431
     0.869193    0.007061
     0.879069    0.010490
     0.889027    0.013674
     0.899012    0.016581
     0.908968    0.019198
     0.918839    0.021521
     0.928570    0.023547
     0.938118    0.025273
     0.947447    0.026710
     0.956517    0.027860
     0.965323    0.028682
     0.973885    0.029171
     0.982213    0.029326
     0.990339    0.029175
     0.998258    0.028844
     1.003396    0.028554
