     1.000000    0.010174
     0.995943    0.011205
     0.989397    0.012858
     0.982212    0.014658
     0.974287    0.016633
     0.965504    0.018808
     0.955716    0.021214
     0.944777    0.023909
     0.932525    0.026945
     0.918817    0.030365
     0.903513    0.034233
     0.886526    0.038569
     0.867877    0.043360
     0.847725    0.048570
     0.826325    0.054129
     0.803976    0.059945
     0.780883    0.065929
     0.757359    0.072008
     0.733644    0.078096
     0.709939    0.084114
     0.686346    0.090014
     0.662934    0.095782
     0.639756    0.101378
     0.616843    0.106789
     0.594237    0.111994
     0.571963    0.116984
     0.550075    0.121728
     0.528563    0.126222
     0.507501    0.130446
     0.486928    0.134389
     0.466847    0.138024
     0.447255    0.141330
     0.428149    0.144328
     0.409531    0.147001
     0.391430    0.149356
     0.373837    0.151371
     0.356745    0.153070
     0.340177    0.154447
     0.324136    0.155499
     0.308611    0.156248
     0.293619    0.156689
     0.279161    0.156829
     0.265210    0.156673
     0.251766    0.156233
     0.238806    0.155520
     0.226333    0.154550
     0.214329    0.153328
     0.202787    0.151864
     0.191684    0.150160
     0.181004    0.148239
     0.170738    0.146101
     0.160868    0.143767
     0.151387    0.141241
     0.142279    0.138548
     0.133544    0.135699
     0.125171    0.132707
     0.117157    0.129590
     0.109496    0.126352
     0.102177    0.123013
     0.095197    0.119579
     0.088544    0.116061
     0.082207    0.112480
     0.076186    0.108842
     0.070468    0.105154
     0.065041    0.101433
     0.059898    0.097690
     0.055034    0.093932
     0.050438    0.090163
     0.046102    0.086392
     0.042016    0.082627
     0.038169    0.078872
     0.034554    0.075134
     0.031162    0.071417
     0.027986    0.067722
     0.025019    0.064054
     0.022251    0.060415
     0.019674    0.056808
     0.017282    0.053235
     0.015065    0.049700
     0.013022    0.046202
     0.011154    0.042740
     0.009459    0.039310
     0.007931    0.035913
     0.006563    0.032550
     0.005350    0.029226
     0.004280    0.025944
     0.003339    0.022705
     0.002517    0.019511
     0.001810    0.016361
     0.001219    0.013261
     0.000744    0.010220
     0.000385    0.007253
     0.000143    0.004356
     0.000018    0.001510
     0.000013   -0.001315
     0.000129   -0.004158
     0.000367   -0.007047
     0.000732   -0.010000
     0.001226   -0.013015
     0.001852   -0.016082
     0.002608   -0.019192
     0.003493   -0.022339
     0.004511   -0.025524
     0.005671   -0.028744
     0.006987   -0.032000
     0.008469   -0.035287
     0.010121   -0.038607
     0.011943   -0.041961
     0.013937   -0.045349
     0.016106   -0.048775
     0.018453   -0.052241
     0.020981   -0.055747
     0.023697   -0.059294
     0.026609   -0.062880
     0.029726   -0.066503
     0.033057   -0.070160
     0.036614   -0.073850
     0.040405   -0.077569
     0.044441   -0.081314
     0.048733   -0.085079
     0.053295   -0.088862
     0.058130   -0.092663
     0.063249   -0.096473
     0.068665   -0.100278
     0.074388   -0.104074
     0.080426   -0.107851
     0.086789   -0.111591
     0.093489   -0.115287
     0.100528   -0.118929
     0.107915   -0.122497
     0.115659   -0.125978
     0.123761   -0.129364
     0.132220   -0.132640
     0.141039   -0.135784
     0.150218   -0.138783
     0.159751   -0.141627
     0.169632   -0.144288
     0.179869   -0.146752
     0.190451   -0.149015
     0.201367   -0.151061
     0.212610   -0.152872
     0.224168   -0.154442
     0.236024   -0.155753
     0.248171   -0.156793
     0.260599   -0.157546
     0.273295   -0.158022
     0.286235   -0.158192
     0.299418   -0.158050
     0.312839   -0.157597
     0.326473   -0.156825
     0.340317   -0.155723
     0.354362   -0.154288
     0.368601   -0.152512
     0.383038   -0.150382
     0.397676   -0.147905
     0.412520   -0.145060
     0.427575   -0.141848
     0.442877   -0.138244
     0.458441   -0.134245
     0.474313   -0.129844
     0.490523   -0.125012
     0.507138   -0.119742
     0.524177   -0.114031
     0.541710   -0.107860
     0.559772   -0.101218
     0.578397   -0.094128
     0.597568   -0.086622
     0.617147   -0.078820
     0.636858   -0.070903
     0.656260   -0.063144
     0.675023   -0.055746
     0.693000   -0.048838
     0.710197   -0.042470
     0.726663   -0.036645
     0.742469   -0.031345
     0.757665   -0.026540
     0.772310   -0.022222
     0.786472   -0.018382
     0.800222   -0.014990
     0.813594   -0.012001
     0.826584   -0.009394
     0.839194   -0.007155
     0.851424   -0.005275
     0.863276   -0.003739
     0.874753   -0.002531
     0.885853   -0.001640
     0.896585   -0.001052
     0.906949   -0.000746
     0.916947   -0.000692
     0.926563   -0.000859
     0.935789   -0.001236
     0.944628   -0.001797
     0.953069   -0.002509
     0.961108   -0.003386
     0.968771   -0.004423
     0.976068   -0.005599
     0.983018   -0.006905
     0.989649   -0.008290
     0.995965   -0.009687
     1.000000   -0.010615
