     1.000000   -0.000151
     0.997085   -0.002004
     0.992837   -0.003172
     0.988567   -0.002791
     0.984164   -0.001632
     0.979579   -0.000610
     0.974787   -0.000117
     0.969750    0.000291
     0.964420    0.000952
     0.958729    0.001684
     0.952611    0.002318
     0.946021    0.002929
     0.938940    0.003533
     0.931328    0.004076
     0.923143    0.004552
     0.914364    0.004934
     0.904966    0.005180
     0.894931    0.005261
     0.884258    0.005152
     0.872956    0.004817
     0.861050    0.004244
     0.848588    0.003405
     0.835623    0.002289
     0.822235    0.000873
     0.808483   -0.000871
     0.794420   -0.002966
     0.780072   -0.005431
     0.765453   -0.008283
     0.750546   -0.011541
     0.735329   -0.015176
     0.719792   -0.019204
     0.703929   -0.023582
     0.687723   -0.028334
     0.671181   -0.033413
     0.654298   -0.038799
     0.637099   -0.044457
     0.619674   -0.050269
     0.602221   -0.056121
     0.584898   -0.061888
     0.567707   -0.067566
     0.550672   -0.073030
     0.533825   -0.078248
     0.517233   -0.083190
     0.500875   -0.087833
     0.484766   -0.092112
     0.468853   -0.096067
     0.453143   -0.099671
     0.437605   -0.102908
     0.422204   -0.105818
     0.406945   -0.108313
     0.391765   -0.110565
     0.376716   -0.112403
     0.361674   -0.113951
     0.346689   -0.115198
     0.331825   -0.116077
     0.317006   -0.116578
     0.302264   -0.116826
     0.287683   -0.116701
     0.273243   -0.116317
     0.259020   -0.115520
     0.244959   -0.114501
     0.231144   -0.113143
     0.217584   -0.111482
     0.204310   -0.109522
     0.191362   -0.107304
     0.178796   -0.104863
     0.166676   -0.102195
     0.155019   -0.099280
     0.143828   -0.096200
     0.133157   -0.093012
     0.123038   -0.089723
     0.113488   -0.086384
     0.104518   -0.082987
     0.096104   -0.079594
     0.088247   -0.076227
     0.080926   -0.072895
     0.074113   -0.069615
     0.067777   -0.066405
     0.061894   -0.063263
     0.056428   -0.060194
     0.051344   -0.057208
     0.046615   -0.054302
     0.042216   -0.051472
     0.038120   -0.048713
     0.034305   -0.046020
     0.030751   -0.043387
     0.027440   -0.040807
     0.024352   -0.038278
     0.021469   -0.035797
     0.018776   -0.033362
     0.016273   -0.030963
     0.013961   -0.028586
     0.011837   -0.026222
     0.009889   -0.023869
     0.008102   -0.021529
     0.006463   -0.019199
     0.004973   -0.016876
     0.003655   -0.014555
     0.002535   -0.012233
     0.001631   -0.009911
     0.000946   -0.007600
     0.000460   -0.005314
     0.000154   -0.003058
     0.000013   -0.000826
     0.000027    0.001396
     0.000191    0.003634
     0.000496    0.005911
     0.000939    0.008243
     0.001516    0.010639
     0.002221    0.013091
     0.003061    0.015585
     0.004047    0.018104
     0.005190    0.020638
     0.006505    0.023183
     0.007994    0.025749
     0.009654    0.028345
     0.011480    0.030977
     0.013470    0.033647
     0.015632    0.036353
     0.017977    0.039096
     0.020515    0.041876
     0.023263    0.044694
     0.026235    0.047548
     0.029445    0.050443
     0.032904    0.053386
     0.036624    0.056386
     0.040625    0.059440
     0.044931    0.062546
     0.049566    0.065703
     0.054557    0.068912
     0.059925    0.072175
     0.065695    0.075491
     0.071896    0.078848
     0.078557    0.082237
     0.085701    0.085650
     0.093350    0.089074
     0.101514    0.092493
     0.110213    0.095860
     0.119456    0.099197
     0.129191    0.102437
     0.139492    0.105531
     0.150244    0.108503
     0.161508    0.111309
     0.173193    0.113974
     0.185395    0.116384
     0.198026    0.118588
     0.211057    0.120536
     0.224461    0.122192
     0.238228    0.123555
     0.252269    0.124712
     0.266526    0.125498
     0.281005    0.126061
     0.295511    0.126323
     0.310163    0.126280
     0.325040    0.125977
     0.340225    0.125444
     0.355691    0.124587
     0.371346    0.123525
     0.387106    0.122223
     0.402906    0.120673
     0.418883    0.118941
     0.435189    0.117015
     0.451914    0.114817
     0.468909    0.112427
     0.486238    0.109799
     0.503816    0.106989
     0.521561    0.103993
     0.539433    0.100839
     0.557536    0.097560
     0.575955    0.094054
     0.594626    0.090415
     0.613487    0.086614
     0.632519    0.082678
     0.651690    0.078648
     0.670943    0.074529
     0.690217    0.070359
     0.709472    0.066156
     0.728628    0.061946
     0.747557    0.057760
     0.766242    0.053634
     0.784723    0.049569
     0.802919    0.045573
     0.820735    0.041689
     0.838110    0.037904
     0.855002    0.034277
     0.871203    0.030793
     0.886588    0.027530
     0.900983    0.024515
     0.914294    0.021746
     0.926466    0.019222
     0.937537    0.016961
     0.947578    0.014911
     0.956682    0.013068
     0.964941    0.011404
     0.972447    0.009874
     0.979294    0.008470
     0.985570    0.007193
     0.991343    0.006023
     0.996669    0.004940
     1.000000    0.004262
