     0.993614   -0.027541
     0.987500   -0.023308
     0.977552   -0.016491
     0.966550   -0.009204
     0.954438   -0.001424
     0.941364    0.006935
     0.927556    0.015634
     0.913436    0.024568
     0.899386    0.033421
     0.885531    0.042066
     0.872160    0.050426
     0.859466    0.058326
     0.847476    0.065796
     0.836054    0.072798
     0.825039    0.078982
     0.813137    0.083390
     0.800257    0.087932
     0.786255    0.092794
     0.770950    0.098105
     0.754055    0.103833
     0.735643    0.110022
     0.716042    0.116478
     0.695808    0.123038
     0.675333    0.129540
     0.654430    0.136015
     0.632944    0.142532
     0.611315    0.148865
     0.589810    0.154949
     0.568534    0.160823
     0.547693    0.166310
     0.527273    0.171447
     0.507102    0.176308
     0.487290    0.180790
     0.468016    0.184857
     0.448948    0.188588
     0.430230    0.191983
     0.411927    0.194940
     0.394172    0.197527
     0.376609    0.199735
     0.358769    0.201610
     0.340810    0.203158
     0.323052    0.204261
     0.305656    0.204909
     0.288747    0.205072
     0.272469    0.204824
     0.256901    0.204159
     0.242084    0.203072
     0.228051    0.201658
     0.214815    0.199903
     0.202362    0.197881
     0.190567    0.195610
     0.179337    0.193085
     0.168689    0.190304
     0.158550    0.187323
     0.148746    0.184090
     0.139288    0.180648
     0.130243    0.176992
     0.121611    0.173193
     0.113371    0.169212
     0.105422    0.165034
     0.097744    0.160701
     0.090345    0.156174
     0.083266    0.151415
     0.076425    0.146470
     0.069828    0.141306
     0.063501    0.135964
     0.057469    0.130466
     0.051775    0.124827
     0.046409    0.119084
     0.041384    0.113251
     0.036695    0.107355
     0.032332    0.101435
     0.028324    0.095499
     0.024654    0.089575
     0.021286    0.083717
     0.018238    0.077925
     0.015514    0.072205
     0.013057    0.066601
     0.010869    0.061117
     0.008943    0.055761
     0.007269    0.050538
     0.005867    0.045443
     0.004756    0.040465
     0.003832    0.035627
     0.003128    0.030925
     0.002536    0.026371
     0.001957    0.021984
     0.001443    0.017756
     0.000966    0.013689
     0.000589    0.009774
     0.000284    0.006000
     0.000071    0.002349
     0.000031   -0.001244
     0.000488   -0.004815
     0.000767   -0.008481
     0.001053   -0.012253
     0.001472   -0.016141
     0.001933   -0.020165
     0.002498   -0.024325
     0.003178   -0.028617
     0.004042   -0.033032
     0.005067   -0.037577
     0.006317   -0.042231
     0.007773   -0.047009
     0.009446   -0.051899
     0.011340   -0.056900
     0.013464   -0.062005
     0.015845   -0.067192
     0.018488   -0.072453
     0.021437   -0.077760
     0.024676   -0.083103
     0.028201   -0.088475
     0.032039   -0.093851
     0.036206   -0.099245
     0.040709   -0.104650
     0.045546   -0.110060
     0.050784   -0.115432
     0.056392   -0.120763
     0.062377   -0.126069
     0.068824   -0.131309
     0.075694   -0.136493
     0.082979   -0.141600
     0.090676   -0.146573
     0.098767   -0.151399
     0.107217   -0.156038
     0.115994   -0.160484
     0.125123   -0.164762
     0.134735   -0.168846
     0.144823   -0.172804
     0.155425   -0.176523
     0.166531   -0.180078
     0.178180   -0.183412
     0.190328   -0.186465
     0.202895   -0.189276
     0.215779   -0.191707
     0.228861   -0.193787
     0.242046   -0.195535
     0.255347   -0.196869
     0.268756   -0.197902
     0.282316   -0.198515
     0.295933   -0.198858
     0.309609   -0.198790
     0.323422   -0.198422
     0.337478   -0.197674
     0.351859   -0.196563
     0.366486   -0.195042
     0.381111   -0.193183
     0.395871   -0.190990
     0.411158   -0.188298
     0.426902   -0.185148
     0.442898   -0.181554
     0.459008   -0.177547
     0.475227   -0.173067
     0.491626   -0.168245
     0.508045   -0.163022
     0.524631   -0.157444
     0.541296   -0.151459
     0.558065   -0.145119
     0.574959   -0.138505
     0.592091   -0.131472
     0.609458   -0.124136
     0.626704   -0.116582
     0.643954   -0.108911
     0.661167   -0.101127
     0.678116   -0.093334
     0.694626   -0.085774
     0.710636   -0.078479
     0.725839   -0.071619
     0.739978   -0.065359
     0.752986   -0.059763
     0.764851   -0.054792
     0.775619   -0.050407
     0.785381   -0.046537
     0.794243   -0.043131
     0.802319   -0.040104
     0.809735   -0.037498
     0.816837   -0.035753
     0.824342   -0.035033
     0.832224   -0.034316
     0.840528   -0.033702
     0.849183   -0.033193
     0.858120   -0.032790
     0.867255   -0.032584
     0.876491   -0.032536
     0.885718   -0.032694
     0.894838   -0.033051
     0.903758   -0.033593
     0.912402   -0.034338
     0.920725   -0.035226
     0.928672   -0.036225
     0.936223   -0.037379
     0.943380   -0.038598
     0.950121   -0.039970
     0.956485   -0.041474
     0.962521   -0.042960
     0.968115   -0.044799
     0.973619   -0.046319
     0.979564   -0.046391
     0.985123   -0.048007
     0.988194   -0.053038
