     1.000000    0.011152
     0.995596    0.012335
     0.988463    0.014237
     0.980601    0.016317
     0.971891    0.018604
     0.962193    0.021124
     0.951338    0.023925
     0.939175    0.027070
     0.925551    0.030596
     0.910346    0.034572
     0.893462    0.039033
     0.874904    0.043970
     0.854822    0.049335
     0.833486    0.055069
     0.811177    0.061068
     0.788126    0.067258
     0.764604    0.073557
     0.740815    0.079886
     0.716970    0.086181
     0.693187    0.092383
     0.669549    0.098462
     0.646129    0.104382
     0.622975    0.110127
     0.600137    0.115666
     0.577633    0.120989
     0.555531    0.126066
     0.533828    0.130876
     0.512580    0.135421
     0.491813    0.139670
     0.471560    0.143601
     0.451821    0.147202
     0.432571    0.150477
     0.413830    0.153413
     0.395605    0.156022
     0.377901    0.158281
     0.360706    0.160202
     0.344028    0.161794
     0.327886    0.163057
     0.312259    0.163984
     0.297161    0.164602
     0.282591    0.164916
     0.268545    0.164917
     0.255005    0.164626
     0.241962    0.164049
     0.229403    0.163206
     0.217324    0.162102
     0.205707    0.160747
     0.194540    0.159145
     0.183798    0.157306
     0.173470    0.155250
     0.163541    0.152979
     0.154000    0.150512
     0.144834    0.147853
     0.136031    0.145029
     0.127590    0.142048
     0.119501    0.138925
     0.111759    0.135674
     0.104360    0.132300
     0.097294    0.128814
     0.090552    0.125229
     0.084126    0.121557
     0.078008    0.117812
     0.072196    0.114001
     0.066678    0.110129
     0.061443    0.106216
     0.056483    0.102272
     0.051796    0.098303
     0.047369    0.094318
     0.043196    0.090327
     0.039270    0.086337
     0.035581    0.082355
     0.032120    0.078387
     0.028882    0.074440
     0.025860    0.070517
     0.023047    0.066621
     0.020430    0.062759
     0.017999    0.058938
     0.015746    0.055161
     0.013664    0.051433
     0.011753    0.047755
     0.010020    0.044123
     0.008469    0.040529
     0.007095    0.036974
     0.005887    0.033459
     0.004835    0.029991
     0.003916    0.026575
     0.003106    0.023215
     0.002384    0.019915
     0.001747    0.016675
     0.001199    0.013500
     0.000747    0.010402
     0.000395    0.007393
     0.000152    0.004470
     0.000021    0.001609
     0.000011   -0.001227
     0.000121   -0.004083
     0.000347   -0.006995
     0.000684   -0.009984
     0.001129   -0.013052
     0.001679   -0.016187
     0.002335   -0.019378
     0.003096   -0.022620
     0.003966   -0.025912
     0.004964   -0.029252
     0.006110   -0.032636
     0.007421   -0.036059
     0.008904   -0.039522
     0.010558   -0.043023
     0.012386   -0.046565
     0.014388   -0.050151
     0.016562   -0.053783
     0.018911   -0.057463
     0.021441   -0.061186
     0.024159   -0.064950
     0.027078   -0.068748
     0.030209   -0.072573
     0.033565   -0.076422
     0.037154   -0.080291
     0.040984   -0.084177
     0.045067   -0.088075
     0.049412   -0.091983
     0.054024   -0.095900
     0.058910   -0.099817
     0.064084   -0.103722
     0.069558   -0.107609
     0.075337   -0.111469
     0.081435   -0.115287
     0.087866   -0.119054
     0.094633   -0.122764
     0.101747   -0.126402
     0.109218   -0.129957
     0.117052   -0.133421
     0.125251   -0.136783
     0.133816   -0.140028
     0.142750   -0.143137
     0.152053   -0.146097
     0.161718   -0.148892
     0.171748   -0.151498
     0.182144   -0.153908
     0.192890   -0.156114
     0.203976   -0.158095
     0.215393   -0.159838
     0.227120   -0.161330
     0.239151   -0.162552
     0.251466   -0.163495
     0.264066   -0.164148
     0.276919   -0.164505
     0.290022   -0.164550
     0.303367   -0.164270
     0.316943   -0.163676
     0.330735   -0.162747
     0.344734   -0.161482
     0.358932   -0.159875
     0.373324   -0.157915
     0.387915   -0.155600
     0.402700   -0.152917
     0.417695   -0.149866
     0.432908   -0.146420
     0.448380   -0.142576
     0.464153   -0.138310
     0.480254   -0.133624
     0.496735   -0.128495
     0.513634   -0.122932
     0.530980   -0.116907
     0.548815   -0.110423
     0.567180   -0.103472
     0.586088   -0.096074
     0.605506   -0.088289
     0.625259   -0.080231
     0.645017   -0.072130
     0.664376   -0.064235
     0.683045   -0.056747
     0.700905   -0.049777
     0.717977   -0.043363
     0.734314   -0.037501
     0.749990   -0.032172
     0.765062   -0.027363
     0.779603   -0.023053
     0.793681   -0.019214
     0.807336   -0.015814
     0.820587   -0.012821
     0.833429   -0.010217
     0.845873   -0.007999
     0.857929   -0.006151
     0.869614   -0.004662
     0.880931   -0.003510
     0.891892   -0.002687
     0.902504   -0.002172
     0.912770   -0.001940
     0.922681   -0.001959
     0.932226   -0.002213
     0.941404   -0.002683
     0.950207   -0.003338
     0.958626   -0.004186
     0.966681   -0.005242
     0.974389   -0.006491
     0.981767   -0.007928
     0.988848   -0.009507
     0.995641   -0.011137
     1.000000   -0.012233
