     1.000000   -0.001574
     0.996786   -0.003009
     0.992124   -0.003775
     0.987484   -0.003174
     0.982730   -0.001968
     0.977767   -0.001050
     0.972550   -0.000549
     0.967051    0.000024
     0.961227    0.000782
     0.955007    0.001490
     0.948334    0.002117
     0.941187    0.002733
     0.933545    0.003289
     0.925368    0.003761
     0.916634    0.004137
     0.907328    0.004375
     0.897432    0.004440
     0.886942    0.004310
     0.875863    0.003953
     0.864206    0.003348
     0.852007    0.002479
     0.839305    0.001321
     0.826157   -0.000133
     0.812618   -0.001917
     0.798733   -0.004047
     0.784536   -0.006554
     0.770032   -0.009453
     0.755214   -0.012760
     0.740052   -0.016468
     0.724547   -0.020574
     0.708668   -0.025058
     0.692424   -0.029934
     0.675787   -0.035157
     0.658766   -0.040720
     0.641391   -0.046576
     0.623722   -0.052625
     0.605930   -0.058744
     0.588245   -0.064809
     0.570716   -0.070744
     0.553401   -0.076464
     0.536317   -0.081906
     0.519507   -0.087065
     0.502950   -0.091889
     0.486668   -0.096361
     0.470588   -0.100477
     0.454720   -0.104242
     0.439028   -0.107638
     0.423471   -0.110680
     0.408064   -0.113337
     0.392707   -0.115678
     0.377534   -0.117662
     0.362402   -0.119300
     0.347375   -0.120611
     0.332500   -0.121581
     0.317720   -0.122160
     0.303034   -0.122449
     0.288538   -0.122394
     0.274186   -0.122032
     0.260084   -0.121316
     0.246155   -0.120312
     0.232524   -0.119000
     0.219179   -0.117384
     0.206156   -0.115476
     0.193478   -0.113301
     0.181186   -0.110897
     0.169329   -0.108283
     0.157938   -0.105444
     0.147011   -0.102408
     0.136568   -0.099251
     0.126643   -0.095995
     0.117243   -0.092662
     0.108380   -0.089284
     0.100045   -0.085865
     0.092217   -0.082457
     0.084889   -0.079073
     0.078041   -0.075720
     0.071644   -0.072414
     0.065673   -0.069170
     0.060105   -0.065985
     0.054912   -0.062863
     0.050063   -0.059812
     0.045535   -0.056833
     0.041307   -0.053921
     0.037358   -0.051073
     0.033668   -0.048285
     0.030221   -0.045552
     0.027002   -0.042869
     0.023996   -0.040231
     0.021187   -0.037637
     0.018560   -0.035087
     0.016111   -0.032572
     0.013844   -0.030085
     0.011757   -0.027614
     0.009845   -0.025155
     0.008096   -0.022711
     0.006496   -0.020279
     0.005039   -0.017858
     0.003742   -0.015443
     0.002628   -0.013033
     0.001717   -0.010630
     0.001016   -0.008240
     0.000514   -0.005878
     0.000188   -0.003549
     0.000025   -0.001247
     0.000014    0.001042
     0.000149    0.003342
     0.000422    0.005678
     0.000831    0.008068
     0.001371    0.010520
     0.002038    0.013029
     0.002838    0.015579
     0.003781    0.018157
     0.004876    0.020752
     0.006136    0.023361
     0.007563    0.025991
     0.009156    0.028651
     0.010908    0.031346
     0.012818    0.034076
     0.014894    0.036841
     0.017143    0.039639
     0.019576    0.042473
     0.022205    0.045341
     0.025043    0.048243
     0.028101    0.051182
     0.031390    0.054164
     0.034918    0.057194
     0.038703    0.060271
     0.042763    0.063395
     0.047120    0.066564
     0.051793    0.069778
     0.056804    0.073037
     0.062173    0.076344
     0.067924    0.079688
     0.074084    0.083061
     0.080675    0.086458
     0.087721    0.089869
     0.095240    0.093281
     0.103246    0.096674
     0.111771    0.100013
     0.120797    0.103331
     0.130344    0.106508
     0.140434    0.109606
     0.151023    0.112531
     0.162137    0.115362
     0.173688    0.117974
     0.185735    0.120365
     0.198210    0.122534
     0.211099    0.124441
     0.224387    0.126060
     0.238073    0.127393
     0.252072    0.128504
     0.266372    0.129251
     0.280955    0.129777
     0.295687    0.129965
     0.310685    0.129883
     0.325990    0.129494
     0.341604    0.128858
     0.357516    0.127910
     0.373632    0.126720
     0.389896    0.125278
     0.406310    0.123611
     0.422982    0.121699
     0.440007    0.119549
     0.457431    0.117186
     0.475128    0.114545
     0.493118    0.111708
     0.511317    0.108672
     0.529676    0.105438
     0.548228    0.102093
     0.567027    0.098525
     0.586099    0.094794
     0.605363    0.090908
     0.624805    0.086875
     0.644404    0.082719
     0.664104    0.078465
     0.683854    0.074144
     0.703583    0.069779
     0.723211    0.065394
     0.742623    0.061024
     0.761789    0.056701
     0.780736    0.052449
     0.799392    0.048252
     0.817647    0.044170
     0.835409    0.040202
     0.852615    0.036406
     0.869068    0.032772
     0.884639    0.029377
     0.899178    0.026241
     0.912614    0.023367
     0.924913    0.020746
     0.936118    0.018392
     0.946305    0.016259
     0.955562    0.014335
     0.963983    0.012593
     0.971657    0.010994
     0.978675    0.009519
     0.985123    0.008173
     0.991065    0.006935
     0.996558    0.005788
     1.000000    0.005067
