     0.997645    0.055624
     0.990473    0.056979
     0.979017    0.059089
     0.966712    0.061168
     0.953588    0.063190
     0.939773    0.065289
     0.925470    0.067381
     0.910940    0.069486
     0.896466    0.071568
     0.882282    0.073624
     0.868506    0.075551
     0.855334    0.077402
     0.842880    0.079143
     0.831175    0.080756
     0.820180    0.082222
     0.809920    0.084581
     0.799360    0.088247
     0.787905    0.092230
     0.775515    0.096541
     0.762076    0.101101
     0.747626    0.106013
     0.732213    0.111161
     0.716005    0.116490
     0.699211    0.121930
     0.682030    0.127446
     0.664505    0.132925
     0.646546    0.138408
     0.628317    0.143901
     0.609934    0.149260
     0.591505    0.154476
     0.573082    0.159595
     0.554741    0.164457
     0.536520    0.169149
     0.518406    0.173633
     0.500320    0.177868
     0.482411    0.181835
     0.464666    0.185532
     0.446975    0.188957
     0.429432    0.192123
     0.412050    0.194920
     0.394916    0.197419
     0.377878    0.199581
     0.360687    0.201430
     0.343407    0.202959
     0.326205    0.204101
     0.309171    0.204810
     0.292386    0.205068
     0.275939    0.204924
     0.259911    0.204335
     0.244369    0.203270
     0.229369    0.201805
     0.214965    0.199925
     0.201194    0.197672
     0.187993    0.195054
     0.175347    0.192056
     0.163274    0.188723
     0.151658    0.185079
     0.140465    0.181092
     0.129772    0.176792
     0.119598    0.172271
     0.109933    0.167452
     0.100681    0.162424
     0.091878    0.157148
     0.083562    0.151615
     0.075668    0.145899
     0.068215    0.139985
     0.061239    0.133929
     0.054727    0.127815
     0.048753    0.121621
     0.043241    0.115458
     0.038210    0.109321
     0.033631    0.103263
     0.029503    0.097301
     0.025802    0.091460
     0.022441    0.085797
     0.019447    0.080293
     0.016807    0.074951
     0.014430    0.069806
     0.012333    0.064841
     0.010474    0.060063
     0.008842    0.055463
     0.007420    0.051037
     0.006207    0.046774
     0.005217    0.042659
     0.004403    0.038694
     0.003706    0.034885
     0.003167    0.031214
     0.002707    0.027686
     0.002262    0.024302
     0.001840    0.021053
     0.001463    0.017929
     0.001110    0.014925
     0.000787    0.012033
     0.000547    0.009242
     0.000328    0.006549
     0.000159    0.003948
     0.000029    0.001423
     0.000021   -0.001031
     0.000276   -0.003449
     0.000606   -0.005923
     0.000767   -0.008496
     0.000936   -0.011154
     0.001243   -0.013889
     0.001531   -0.016728
     0.001871   -0.019669
     0.002272   -0.022719
     0.002728   -0.025883
     0.003276   -0.029162
     0.003943   -0.032560
     0.004717   -0.036084
     0.005615   -0.039737
     0.006698   -0.043514
     0.007911   -0.047436
     0.009302   -0.051500
     0.010872   -0.055713
     0.012643   -0.060076
     0.014616   -0.064599
     0.016852   -0.069263
     0.019365   -0.074067
     0.022162   -0.079021
     0.025305   -0.084089
     0.028774   -0.089288
     0.032599   -0.094610
     0.036839   -0.100036
     0.041500   -0.105564
     0.046611   -0.111177
     0.052219   -0.116845
     0.058325   -0.122555
     0.065012   -0.128242
     0.072260   -0.133942
     0.080081   -0.139608
     0.088469   -0.145190
     0.097426   -0.150628
     0.106911   -0.155876
     0.116879   -0.160918
     0.127353   -0.165737
     0.138416   -0.170317
     0.150030   -0.174688
     0.162217   -0.178741
     0.174953   -0.182517
     0.188197   -0.185961
     0.201876   -0.189062
     0.215883   -0.191725
     0.230112   -0.193959
     0.244475   -0.195800
     0.258966   -0.197204
     0.273591   -0.198169
     0.288326   -0.198735
     0.303116   -0.198839
     0.317975   -0.198581
     0.332981   -0.197924
     0.348196   -0.196887
     0.363581   -0.195361
     0.378990   -0.193489
     0.394427   -0.191225
     0.410153   -0.188488
     0.426128   -0.185313
     0.442221   -0.181718
     0.458342   -0.177720
     0.474475   -0.173280
     0.490681   -0.168533
     0.506854   -0.163418
     0.523081   -0.157980
     0.539301   -0.152171
     0.555552   -0.146082
     0.571847   -0.139734
     0.588222   -0.133072
     0.604757   -0.126159
     0.621270   -0.118998
     0.637810   -0.111690
     0.654436   -0.104191
     0.671112   -0.096545
     0.687806   -0.088894
     0.704526   -0.081247
     0.721257   -0.073688
     0.737785   -0.066324
     0.754018   -0.059325
     0.769808   -0.052758
     0.785007   -0.046684
     0.799503   -0.041159
     0.813255   -0.036243
     0.826108   -0.031404
     0.837869   -0.024753
     0.849766   -0.017976
     0.861817   -0.011472
     0.873876   -0.005326
     0.885823    0.000342
     0.897537    0.005514
     0.908937    0.010138
     0.919939    0.014232
     0.930500    0.017784
     0.940552    0.020899
     0.950095    0.023525
     0.959108    0.025755
     0.967645    0.027475
     0.975705    0.028921
     0.983361    0.029627
     0.990601    0.031842
     0.997703    0.033591
     1.003065    0.030127
