     1.000665    0.042112
     0.998643    0.042068
     0.995495    0.041978
     0.992194    0.041853
     0.988722    0.041689
     0.985058    0.041479
     0.981178    0.041214
     0.977052    0.040886
     0.972645    0.040481
     0.967915    0.039984
     0.962814    0.039375
     0.957283    0.038628
     0.951262    0.037713
     0.944686    0.036592
     0.937503    0.035233
     0.929682    0.033612
     0.921230    0.031721
     0.912206    0.029575
     0.902721    0.027214
     0.892911    0.024699
     0.882930    0.022055
     0.872959    0.019293
     0.863181    0.016436
     0.853749    0.013511
     0.844766    0.010554
     0.836247    0.007672
     0.828132    0.004959
     0.820329    0.002471
     0.812737    0.000243
     0.805247   -0.001700
     0.797739   -0.003332
     0.790099   -0.004683
     0.782226   -0.005824
     0.774023   -0.006822
     0.765392   -0.007750
     0.756243   -0.008699
     0.746507   -0.009789
     0.736174   -0.011128
     0.725261   -0.012711
     0.713808   -0.014496
     0.701871   -0.016414
     0.689509   -0.018385
     0.676789   -0.020373
     0.663791   -0.022380
     0.650598   -0.024411
     0.637284   -0.026470
     0.623911   -0.028544
     0.610524   -0.030613
     0.597149   -0.032661
     0.583801   -0.034676
     0.570487   -0.036650
     0.557214   -0.038580
     0.543991   -0.040459
     0.530824   -0.042283
     0.517722   -0.044044
     0.504690   -0.045736
     0.491733   -0.047355
     0.478856   -0.048894
     0.466055   -0.050347
     0.453321   -0.051710
     0.440640   -0.052981
     0.427998   -0.054156
     0.415395   -0.055235
     0.402842   -0.056216
     0.390363   -0.057093
     0.377976   -0.057860
     0.365675   -0.058509
     0.353436   -0.059033
     0.341215   -0.059428
     0.328967   -0.059699
     0.316665   -0.059855
     0.304307   -0.059901
     0.291910   -0.059842
     0.279505   -0.059679
     0.267118   -0.059411
     0.254774   -0.059039
     0.242493   -0.058563
     0.230290   -0.057980
     0.218173   -0.057287
     0.206143   -0.056481
     0.194198   -0.055559
     0.182341   -0.054525
     0.170602   -0.053385
     0.159029   -0.052151
     0.147687   -0.050834
     0.136658   -0.049439
     0.126030   -0.047967
     0.115884   -0.046429
     0.106284   -0.044837
     0.097263   -0.043209
     0.088850   -0.041564
     0.081066   -0.039925
     0.073907   -0.038309
     0.067347   -0.036724
     0.061338   -0.035170
     0.055825   -0.033650
     0.050754   -0.032162
     0.046083   -0.030704
     0.041784   -0.029275
     0.037827   -0.027880
     0.034187   -0.026520
     0.030835   -0.025197
     0.027743   -0.023909
     0.024892   -0.022642
     0.022264   -0.021380
     0.019838   -0.020113
     0.017595   -0.018832
     0.015518   -0.017533
     0.013593   -0.016221
     0.011806   -0.014902
     0.010146   -0.013581
     0.008596   -0.012250
     0.007149   -0.010903
     0.005815   -0.009546
     0.004604   -0.008185
     0.003519   -0.006822
     0.002560   -0.005457
     0.001727   -0.004086
     0.001017   -0.002706
     0.000432   -0.001312
    -0.000029    0.000102
    -0.000364    0.001540
    -0.000580    0.003004
    -0.000685    0.004490
    -0.000680    0.005996
    -0.000569    0.007522
    -0.000351    0.009062
    -0.000025    0.010614
     0.000413    0.012173
     0.000966    0.013731
     0.001640    0.015279
     0.002439    0.016815
     0.003348    0.018358
     0.004348    0.019932
     0.005436    0.021543
     0.006623    0.023186
     0.007922    0.024851
     0.009348    0.026536
     0.010913    0.028243
     0.012628    0.029980
     0.014505    0.031755
     0.016558    0.033579
     0.018797    0.035464
     0.021231    0.037423
     0.023875    0.039464
     0.026749    0.041589
     0.029873    0.043797
     0.033266    0.046089
     0.036947    0.048461
     0.040932    0.050910
     0.045243    0.053437
     0.049913    0.056046
     0.054984    0.058742
     0.060497    0.061529
     0.066493    0.064406
     0.073001    0.067371
     0.080036    0.070408
     0.087594    0.073496
     0.095660    0.076613
     0.104205    0.079734
     0.113193    0.082830
     0.122573    0.085874
     0.132283    0.088840
     0.142268    0.091709
     0.152484    0.094473
     0.162906    0.097121
     0.173513    0.099646
     0.184281    0.102040
     0.195193    0.104298
     0.206231    0.106418
     0.217382    0.108397
     0.228633    0.110234
     0.239977    0.111929
     0.251405    0.113485
     0.262912    0.114901
     0.274489    0.116177
     0.286116    0.117313
     0.297767    0.118310
     0.309409    0.119164
     0.321018    0.119871
     0.332587    0.120425
     0.344132    0.120820
     0.355683    0.121053
     0.367279    0.121127
     0.378948    0.121048
     0.390701    0.120821
     0.402531    0.120453
     0.414418    0.119946
     0.426343    0.119303
     0.438295    0.118525
     0.450279    0.117612
     0.462305    0.116565
     0.474388    0.115387
     0.486537    0.114081
     0.498754    0.112652
     0.511035    0.111105
     0.523368    0.109444
     0.535742    0.107674
     0.548145    0.105799
     0.560564    0.103823
     0.572987    0.101750
     0.585415    0.099581
     0.597858    0.097314
     0.610338    0.094946
     0.622878    0.092478
     0.635477    0.089920
     0.648103    0.087289
     0.660694    0.084607
     0.673169    0.081890
     0.685458    0.079143
     0.697506    0.076372
     0.709278    0.073582
     0.720742    0.070809
     0.731847    0.068105
     0.742529    0.065524
     0.752723    0.063107
     0.762369    0.060857
     0.771348    0.058698
     0.779536    0.056586
     0.786877    0.054507
     0.793432    0.052549
     0.799473    0.050994
     0.805367    0.050035
     0.811513    0.049686
     0.818236    0.049629
     0.825709    0.049476
     0.833957    0.049135
     0.842935    0.048657
     0.852559    0.048143
     0.862746    0.047659
     0.873374    0.047209
     0.884284    0.046791
     0.895311    0.046398
     0.906309    0.046019
     0.917106    0.045649
     0.927415    0.045290
     0.936942    0.044947
     0.945520    0.044625
     0.953136    0.044324
     0.959879    0.044046
     0.965882    0.043788
     0.971273    0.043549
     0.976159    0.043325
     0.980628    0.043116
     0.984747    0.042918
     0.988570    0.042730
     0.992140    0.042551
     0.995491    0.042381
     0.998652    0.042217
     1.000665    0.042112
