     0.991497   -0.041821
     0.989553   -0.043109
     0.986492   -0.042610
     0.983108   -0.040681
     0.979417   -0.038662
     0.975535   -0.037307
     0.971444   -0.036213
     0.966999   -0.034804
     0.962027   -0.033054
     0.956400   -0.031178
     0.950013   -0.029167
     0.942771   -0.026917
     0.934601   -0.024485
     0.925436   -0.021908
     0.915302   -0.019216
     0.904328   -0.016486
     0.892693   -0.013811
     0.880634   -0.011257
     0.868451   -0.008885
     0.856456   -0.006747
     0.844962   -0.004880
     0.834218   -0.003294
     0.824409   -0.001978
     0.815602   -0.000874
     0.807850    0.000008
     0.800987    0.000763
     0.794354    0.000075
     0.786957   -0.000779
     0.778519   -0.001947
     0.768896   -0.003345
     0.758136   -0.005007
     0.746265   -0.006988
     0.733447   -0.009262
     0.719879   -0.011844
     0.705741   -0.014712
     0.691198   -0.017820
     0.676370   -0.021176
     0.661301   -0.024738
     0.646096   -0.028458
     0.630811   -0.032328
     0.615530   -0.036286
     0.600216   -0.040283
     0.584932   -0.044336
     0.569778   -0.048311
     0.554729   -0.052231
     0.539677   -0.056113
     0.524509   -0.059899
     0.509403   -0.063577
     0.494471   -0.067063
     0.479719   -0.070300
     0.465094   -0.073280
     0.450584   -0.076003
     0.436136   -0.078450
     0.421764   -0.080635
     0.407368   -0.082532
     0.392988   -0.084199
     0.378612   -0.085591
     0.364255   -0.086722
     0.349881   -0.087580
     0.335512   -0.088184
     0.321154   -0.088521
     0.306788   -0.088578
     0.292400   -0.088380
     0.278028   -0.087920
     0.263644   -0.087193
     0.249294   -0.086227
     0.234988   -0.084992
     0.220740   -0.083505
     0.206571   -0.081775
     0.192532   -0.079787
     0.178612   -0.077534
     0.164842   -0.075046
     0.151285   -0.072307
     0.137980   -0.069363
     0.125059   -0.066234
     0.112619   -0.062957
     0.100784   -0.059561
     0.089663   -0.056116
     0.079374   -0.052682
     0.069986   -0.049318
     0.061523   -0.046083
     0.053975   -0.043010
     0.047276   -0.040091
     0.041334   -0.037332
     0.036061   -0.034730
     0.031374   -0.032270
     0.027193   -0.029937
     0.023448   -0.027716
     0.020087   -0.025589
     0.017068   -0.023544
     0.014351   -0.021566
     0.011900   -0.019642
     0.009682   -0.017756
     0.007673   -0.015895
     0.005885   -0.014038
     0.004339   -0.012168
     0.003044   -0.010279
     0.002000   -0.008373
     0.001194   -0.006472
     0.000606   -0.004596
     0.000219   -0.002747
     0.000025   -0.000921
     0.000023    0.000895
     0.000207    0.002721
     0.000566    0.004579
     0.001097    0.006486
     0.001798    0.008454
     0.002663    0.010482
     0.003691    0.012566
     0.004890    0.014699
     0.006269    0.016881
     0.007837    0.019116
     0.009612    0.021416
     0.011614    0.023795
     0.013867    0.026268
     0.016394    0.028846
     0.019225    0.031537
     0.022399    0.034350
     0.025964    0.037302
     0.029973    0.040412
     0.034483    0.043698
     0.039555    0.047166
     0.045259    0.050817
     0.051669    0.054647
     0.058840    0.058655
     0.066794    0.062813
     0.075541    0.067068
     0.085059    0.071366
     0.095296    0.075641
     0.106196    0.079857
     0.117612    0.083946
     0.129487    0.087845
     0.141746    0.091507
     0.154340    0.094977
     0.167047    0.098132
     0.180055    0.101051
     0.193172    0.103701
     0.206462    0.106039
     0.219967    0.108150
     0.233456    0.109982
     0.247061    0.111484
     0.260801    0.112644
     0.274710    0.113578
     0.288678    0.114217
     0.302587    0.114616
     0.316544    0.114651
     0.330465    0.114466
     0.344358    0.113989
     0.357945    0.113372
     0.371168    0.112509
     0.384204    0.111540
     0.397326    0.110433
     0.410704    0.109068
     0.424565    0.107606
     0.438819    0.105892
     0.453363    0.103985
     0.467952    0.101999
     0.482460    0.099819
     0.496960    0.097566
     0.511650    0.095229
     0.526749    0.092693
     0.542202    0.089982
     0.557885    0.087166
     0.573597    0.084250
     0.589288    0.081256
     0.605020    0.078182
     0.620827    0.074999
     0.636648    0.071754
     0.652499    0.068484
     0.668348    0.065169
     0.684123    0.061872
     0.699866    0.058536
     0.715390    0.055251
     0.730478    0.052073
     0.745045    0.048997
     0.758804    0.046111
     0.771407    0.043483
     0.782667    0.041166
     0.792599    0.039075
     0.801451    0.037488
     0.809614    0.034700
     0.818652    0.030780
     0.828954    0.026358
     0.840544    0.021397
     0.853228    0.015995
     0.866651    0.010293
     0.880412    0.004510
     0.894198   -0.001245
     0.907719   -0.006838
     0.920645   -0.012148
     0.932664   -0.017044
     0.943478   -0.021428
     0.953007   -0.025247
     0.961304   -0.028536
     0.968498   -0.031357
     0.974743   -0.033804
     0.980190   -0.035952
     0.984969   -0.037849
     0.989198   -0.039537
     0.991764   -0.040565
