     1.000000    0.013089
     0.994754    0.014644
     0.986202    0.017162
     0.976709    0.019928
     0.966119    0.022970
     0.954254    0.026330
     0.940936    0.030071
     0.926036    0.034241
     0.909489    0.038892
     0.891281    0.044060
     0.871526    0.049692
     0.850476    0.055700
     0.828422    0.062022
     0.805639    0.068546
     0.782308    0.075213
     0.758673    0.081944
     0.734957    0.088661
     0.711334    0.095301
     0.687877    0.101830
     0.664506    0.108260
     0.641128    0.114606
     0.617898    0.120818
     0.594929    0.126835
     0.572272    0.132639
     0.550030    0.138180
     0.528213    0.143442
     0.506890    0.148410
     0.486068    0.153047
     0.465786    0.157347
     0.446033    0.161287
     0.426801    0.164879
     0.408108    0.168100
     0.389957    0.170964
     0.372333    0.173451
     0.355240    0.175575
     0.338665    0.177348
     0.322638    0.178770
     0.307138    0.179833
     0.292156    0.180559
     0.277696    0.180970
     0.263771    0.181059
     0.250355    0.180834
     0.237437    0.180314
     0.225011    0.179510
     0.213061    0.178437
     0.201581    0.177100
     0.190548    0.175503
     0.179942    0.173655
     0.169744    0.171573
     0.159944    0.169270
     0.150526    0.166754
     0.141482    0.164037
     0.132796    0.161129
     0.124460    0.158052
     0.116469    0.154818
     0.108816    0.151439
     0.101497    0.147927
     0.094509    0.144287
     0.087846    0.140518
     0.081492    0.136636
     0.075437    0.132662
     0.069683    0.128603
     0.064226    0.124461
     0.059057    0.120241
     0.054163    0.115961
     0.049538    0.111636
     0.045180    0.107271
     0.041079    0.102876
     0.037223    0.098467
     0.033610    0.094054
     0.030237    0.089642
     0.027094    0.085238
     0.024173    0.080855
     0.021468    0.076498
     0.018978    0.072171
     0.016686    0.067882
     0.014571    0.063645
     0.012622    0.059469
     0.010829    0.055363
     0.009193    0.051332
     0.007731    0.047371
     0.006464    0.043472
     0.005395    0.039624
     0.004507    0.035831
     0.003780    0.032099
     0.003182    0.028436
     0.002659    0.024847
     0.002166    0.021339
     0.001682    0.017915
     0.001227    0.014579
     0.000817    0.011343
     0.000469    0.008224
     0.000205    0.005221
     0.000044    0.002307
     0.000002   -0.000563
     0.000083   -0.003448
     0.000270   -0.006398
     0.000544   -0.009448
     0.000884   -0.012609
     0.001277   -0.015870
     0.001720   -0.019214
     0.002212   -0.022631
     0.002760   -0.026119
     0.003397   -0.029672
     0.004160   -0.033287
     0.005086   -0.036958
     0.006184   -0.040682
     0.007458   -0.044458
     0.008910   -0.048286
     0.010533   -0.052170
     0.012319   -0.056115
     0.014266   -0.060117
     0.016380   -0.064171
     0.018670   -0.068269
     0.021154   -0.072396
     0.023852   -0.076541
     0.026780   -0.080696
     0.029943   -0.084858
     0.033348   -0.089024
     0.037002   -0.093190
     0.040913   -0.097353
     0.045082   -0.101512
     0.049516   -0.105661
     0.054225   -0.109788
     0.059223   -0.113882
     0.064518   -0.117938
     0.070122   -0.121942
     0.076049   -0.125886
     0.082310   -0.129766
     0.088914   -0.133575
     0.095874   -0.137303
     0.103200   -0.140946
     0.110899   -0.144497
     0.118979   -0.147947
     0.127437   -0.151289
     0.136280   -0.154495
     0.145515   -0.157554
     0.155136   -0.160454
     0.165144   -0.163169
     0.175545   -0.165691
     0.186316   -0.168019
     0.197442   -0.170120
     0.208917   -0.171981
     0.220713   -0.173588
     0.232827   -0.174917
     0.245233   -0.175960
     0.257928   -0.176699
     0.270893   -0.177128
     0.284111   -0.177238
     0.297579   -0.177004
     0.311287   -0.176442
     0.325224   -0.175534
     0.339369   -0.174274
     0.353720   -0.172664
     0.368268   -0.170684
     0.383001   -0.168338
     0.397933   -0.165607
     0.413060   -0.162495
     0.428406   -0.158963
     0.444010   -0.155008
     0.459944   -0.150600
     0.476233   -0.145750
     0.492915   -0.140455
     0.510006   -0.134711
     0.527525   -0.128511
     0.545495   -0.121846
     0.563926   -0.114716
     0.582864   -0.107129
     0.602281   -0.099124
     0.622065   -0.090784
     0.642018   -0.082270
     0.661774   -0.073820
     0.680968   -0.065685
     0.699365   -0.058039
     0.716934   -0.050975
     0.733693   -0.044498
     0.749731   -0.038607
     0.765132   -0.033287
     0.779979   -0.028501
     0.794319   -0.024196
     0.808168   -0.020372
     0.821564   -0.016979
     0.834495   -0.014025
     0.847006   -0.011496
     0.859120   -0.009383
     0.870877   -0.007667
     0.882287   -0.006324
     0.893375   -0.005345
     0.904153   -0.004703
     0.914621   -0.004371
     0.924773   -0.004330
     0.934605   -0.004563
     0.944114   -0.005051
     0.953287   -0.005784
     0.962130   -0.006807
     0.970676   -0.008143
     0.978949   -0.009804
     0.987002   -0.011779
     0.994871   -0.013940
     1.000000   -0.015444
