     0.997854    0.054905
     0.992174    0.055353
     0.982922    0.056065
     0.972698    0.056821
     0.961412    0.057610
     0.949020    0.058432
     0.935590    0.059297
     0.921379    0.060200
     0.906816    0.061136
     0.892398    0.062100
     0.878600    0.063037
     0.865750    0.063917
     0.854005    0.064725
     0.843374    0.065453
     0.833775    0.066128
     0.825085    0.066712
     0.817191    0.067310
     0.809902    0.067718
     0.803081    0.069304
     0.795819    0.071351
     0.787849    0.073621
     0.778968    0.076171
     0.768977    0.079013
     0.757655    0.082233
     0.744743    0.085887
     0.730018    0.090056
     0.713258    0.094763
     0.694388    0.100022
     0.673445    0.105806
     0.650545    0.112057
     0.626116    0.118632
     0.600792    0.125313
     0.575103    0.131920
     0.549543    0.138299
     0.524381    0.144349
     0.499868    0.149995
     0.476095    0.155192
     0.453143    0.159900
     0.430994    0.164118
     0.409677    0.167840
     0.389184    0.171079
     0.369485    0.173827
     0.350566    0.176102
     0.332413    0.177940
     0.315033    0.179330
     0.298375    0.180295
     0.282426    0.180868
     0.267195    0.181068
     0.252638    0.180895
     0.238727    0.180380
     0.225439    0.179543
     0.212746    0.178405
     0.200627    0.176974
     0.189045    0.175260
     0.177967    0.173275
     0.167363    0.171042
     0.157214    0.168572
     0.147497    0.165879
     0.138197    0.162972
     0.129291    0.159870
     0.120769    0.156595
     0.112622    0.153155
     0.104840    0.149567
     0.097417    0.145838
     0.090346    0.141968
     0.083612    0.137963
     0.077197    0.133847
     0.071100    0.129630
     0.065318    0.125315
     0.059843    0.120902
     0.054659    0.116408
     0.049758    0.111849
     0.045140    0.107230
     0.040794    0.102560
     0.036709    0.097856
     0.032883    0.093129
     0.029315    0.088381
     0.025995    0.083624
     0.022915    0.078869
     0.020076    0.074120
     0.017469    0.069383
     0.015072    0.064673
     0.012865    0.060006
     0.010843    0.055395
     0.009006    0.050848
     0.007385    0.046361
     0.006011    0.041919
     0.004881    0.037512
     0.003970    0.033146
     0.003242    0.028829
     0.002621    0.024574
     0.002032    0.020399
     0.001462    0.016319
     0.000939    0.012346
     0.000496    0.008496
     0.000174    0.004776
     0.000012    0.001159
     0.000041   -0.002407
     0.000238   -0.005981
     0.000560   -0.009606
     0.000965   -0.013307
     0.001434   -0.017095
     0.001968   -0.020974
     0.002568   -0.024940
     0.003264   -0.028972
     0.004106   -0.033052
     0.005145   -0.037173
     0.006393   -0.041335
     0.007853   -0.045540
     0.009521   -0.049790
     0.011385   -0.054088
     0.013432   -0.058437
     0.015664   -0.062829
     0.018088   -0.067254
     0.020721   -0.071698
     0.023586   -0.076145
     0.026700   -0.080586
     0.030070   -0.085019
     0.033702   -0.089441
     0.037604   -0.093849
     0.041780   -0.098241
     0.046234   -0.102617
     0.050972   -0.106967
     0.056008   -0.111280
     0.061354   -0.115548
     0.067022   -0.119762
     0.073026   -0.123910
     0.079384   -0.127987
     0.086104   -0.131989
     0.093205   -0.135906
     0.100700   -0.139733
     0.108601   -0.143466
     0.116921   -0.147093
     0.125662   -0.150610
     0.134830   -0.153989
     0.144440   -0.157212
     0.154491   -0.160269
     0.164985   -0.163129
     0.175937   -0.165780
     0.187321   -0.168222
     0.199125   -0.170412
     0.211342   -0.172338
     0.223945   -0.173972
     0.236930   -0.175299
     0.250272   -0.176290
     0.263967   -0.176939
     0.277996   -0.177229
     0.292340   -0.177134
     0.307011   -0.176655
     0.321983   -0.175773
     0.337240   -0.174486
     0.352779   -0.172780
     0.368588   -0.170636
     0.384659   -0.168052
     0.401011   -0.165003
     0.417644   -0.161478
     0.434620   -0.157434
     0.452003   -0.152835
     0.469899   -0.147675
     0.488364   -0.141933
     0.507434   -0.135596
     0.527145   -0.128648
     0.547537   -0.121072
     0.568629   -0.112852
     0.590441   -0.104024
     0.612825   -0.094699
     0.635419   -0.085094
     0.657546   -0.075627
     0.678479   -0.066734
     0.697810   -0.058676
     0.715505   -0.051540
     0.731657   -0.045267
     0.746428   -0.039792
     0.759956   -0.035037
     0.772380   -0.030905
     0.783813   -0.027325
     0.794338   -0.024170
     0.804012   -0.021539
     0.812998   -0.019081
     0.821383   -0.015612
     0.829823   -0.011485
     0.838633   -0.007367
     0.847803   -0.003297
     0.857249    0.000671
     0.866918    0.004472
     0.876749    0.008068
     0.886672    0.011418
     0.896641    0.014486
     0.906605    0.017261
     0.916512    0.019735
     0.926314    0.021903
     0.935970    0.023763
     0.945445    0.025318
     0.954705    0.026572
     0.963739    0.027477
     0.972580    0.028004
     0.981251    0.028143
     0.989799    0.027902
     0.998244    0.027415
     1.003786    0.026996
