     0.991402   -0.042362
     0.990252   -0.043145
     0.988548   -0.043451
     0.986786   -0.043028
     0.984902   -0.042086
     0.982837   -0.040802
     0.980548   -0.039451
     0.978031   -0.038321
     0.975290   -0.037400
     0.972317   -0.036551
     0.969058   -0.035529
     0.965385   -0.034217
     0.961130   -0.032648
     0.956126   -0.030907
     0.950260   -0.028951
     0.943497   -0.026717
     0.935880   -0.024285
     0.927482   -0.021722
     0.918472   -0.019090
     0.909047   -0.016463
     0.899349   -0.013898
     0.889468   -0.011424
     0.879478   -0.009055
     0.869460   -0.006804
     0.859498   -0.004689
     0.849706   -0.002727
     0.840219   -0.000942
     0.831254    0.000650
     0.822994    0.002030
     0.815633    0.003227
     0.809305    0.004182
     0.803833    0.004939
     0.799040    0.005565
     0.794075    0.005095
     0.788352    0.004671
     0.781684    0.004055
     0.773935    0.003277
     0.765273    0.002368
     0.755898    0.001303
     0.745964    0.000083
     0.735707   -0.001256
     0.725253   -0.002718
     0.714681   -0.004289
     0.704015   -0.005965
     0.693316   -0.007724
     0.682591   -0.009581
     0.671807   -0.011531
     0.660977   -0.013555
     0.650128   -0.015643
     0.639273   -0.017804
     0.628375   -0.020014
     0.617531   -0.022267
     0.606658   -0.024544
     0.595792   -0.026850
     0.584947   -0.029180
     0.574177   -0.031468
     0.563476   -0.033766
     0.552773   -0.036022
     0.542044   -0.038296
     0.531203   -0.040532
     0.520289   -0.042756
     0.509422   -0.044931
     0.498626   -0.047032
     0.487910   -0.049040
     0.477245   -0.050942
     0.466605   -0.052745
     0.456000   -0.054447
     0.445436   -0.056031
     0.434851   -0.057509
     0.424318   -0.058875
     0.413769   -0.060107
     0.403157   -0.061245
     0.392585   -0.062276
     0.381992   -0.063187
     0.371399   -0.063992
     0.360816   -0.064677
     0.350200   -0.065248
     0.339589   -0.065713
     0.328985   -0.066065
     0.318396   -0.066298
     0.307792   -0.066410
     0.297171   -0.066412
     0.286557   -0.066305
     0.275952   -0.066077
     0.265318   -0.065734
     0.254686   -0.065291
     0.244090   -0.064735
     0.233485   -0.064061
     0.222899   -0.063280
     0.212323   -0.062387
     0.201793   -0.061388
     0.191298   -0.060268
     0.180826   -0.059024
     0.170362   -0.057666
     0.159965   -0.056195
     0.149583   -0.054593
     0.139243   -0.052882
     0.128992   -0.051059
     0.118818   -0.049116
     0.108776   -0.047061
     0.098873   -0.044884
     0.089155   -0.042603
     0.079709   -0.040232
     0.070616   -0.037789
     0.061997   -0.035322
     0.054016   -0.032885
     0.046772   -0.030507
     0.040306   -0.028228
     0.034625   -0.026083
     0.029680   -0.024082
     0.025388   -0.022225
     0.021658   -0.020500
     0.018415   -0.018886
     0.015585   -0.017369
     0.013101   -0.015933
     0.010899   -0.014565
     0.008931   -0.013252
     0.007168   -0.011975
     0.005616   -0.010705
     0.004277   -0.009429
     0.003145   -0.008138
     0.002208   -0.006836
     0.001455   -0.005538
     0.000870   -0.004260
     0.000440   -0.003007
     0.000156   -0.001774
     0.000015   -0.000556
     0.000022    0.000658
     0.000171    0.001883
     0.000456    0.003132
     0.000877    0.004420
     0.001436    0.005755
     0.002138    0.007146
     0.002979    0.008587
     0.003969    0.010076
     0.005118    0.011612
     0.006437    0.013198
     0.007936    0.014847
     0.009637    0.016576
     0.011577    0.018407
     0.013801    0.020361
     0.016354    0.022457
     0.019289    0.024710
     0.022664    0.027130
     0.026548    0.029737
     0.031019    0.032548
     0.036131    0.035561
     0.041910    0.038748
     0.048354    0.042067
     0.055439    0.045473
     0.063089    0.048920
     0.071194    0.052341
     0.079678    0.055689
     0.088474    0.058938
     0.097522    0.062061
     0.106805    0.065070
     0.116211    0.067940
     0.125746    0.070652
     0.135380    0.073208
     0.145140    0.075608
     0.155012    0.077899
     0.164772    0.080009
     0.174667    0.081923
     0.184621    0.083781
     0.194609    0.085461
     0.204653    0.086995
     0.214823    0.088378
     0.225005    0.089699
     0.235135    0.090838
     0.245333    0.091823
     0.255550    0.092646
     0.265928    0.093317
     0.276329    0.093903
     0.286759    0.094328
     0.297194    0.094669
     0.307520    0.094837
     0.317987    0.094845
     0.328426    0.094771
     0.338852    0.094530
     0.349322    0.094217
     0.359463    0.093828
     0.369377    0.093300
     0.379148    0.092791
     0.388878    0.092129
     0.398666    0.091476
     0.408573    0.090660
     0.418784    0.089814
     0.429198    0.088886
     0.439771    0.087845
     0.450443    0.086716
     0.461141    0.085578
     0.471721    0.084376
     0.482236    0.083090
     0.492687    0.081811
     0.503135    0.080454
     0.513700    0.079109
     0.524494    0.077649
     0.535448    0.076125
     0.546523    0.074537
     0.557638    0.072928
     0.568717    0.071282
     0.579784    0.069610
     0.590790    0.067899
     0.601817    0.066166
     0.612861    0.064388
     0.623932    0.062572
     0.634984    0.060733
     0.646042    0.058900
     0.657132    0.057034
     0.668200    0.055154
     0.679240    0.053280
     0.690311    0.051396
     0.701457    0.049473
     0.712571    0.047557
     0.723576    0.045680
     0.734495    0.043788
     0.745329    0.041924
     0.755913    0.040108
     0.766011    0.038371
     0.775393    0.036779
     0.783793    0.035355
     0.791192    0.034046
     0.797690    0.033084
     0.803348    0.032009
     0.808961    0.029880
     0.815541    0.027283
     0.823112    0.024330
     0.831680    0.020968
     0.841071    0.017296
     0.851014    0.013409
     0.861265    0.009398
     0.871644    0.005343
     0.882054    0.001306
     0.892454   -0.002731
     0.902834   -0.006741
     0.913160   -0.010732
     0.923343   -0.014656
     0.933218   -0.018471
     0.942551   -0.022090
     0.951098   -0.025399
     0.958649   -0.028319
     0.965126   -0.030818
     0.970598   -0.032930
     0.975223   -0.034727
     0.979158   -0.036269
     0.982529   -0.037600
     0.985442   -0.038757
     0.987993   -0.039777
     0.990258   -0.040687
     0.991640   -0.041244
