     1.000000   -0.004519
     0.996368   -0.005037
     0.991053   -0.004998
     0.985769   -0.004104
     0.980343   -0.002921
     0.974622   -0.002058
     0.968554   -0.001369
     0.962136   -0.000563
     0.955319    0.000223
     0.948039    0.000902
     0.940277    0.001528
     0.932030    0.002063
     0.923270    0.002474
     0.913992    0.002743
     0.904196    0.002837
     0.893881    0.002717
     0.883051    0.002358
     0.871717    0.001735
     0.859893    0.000835
     0.847611   -0.000360
     0.834902   -0.001865
     0.821808   -0.003690
     0.808365   -0.005862
     0.794599   -0.008388
     0.780526   -0.011306
     0.766120   -0.014634
     0.751352   -0.018378
     0.736187   -0.022530
     0.720616   -0.027099
     0.704600   -0.032075
     0.688126   -0.037467
     0.671162   -0.043243
     0.653717   -0.049377
     0.635849   -0.055807
     0.617690   -0.062405
     0.599470   -0.069013
     0.581415   -0.075493
     0.563638   -0.081754
     0.546222   -0.087702
     0.529149   -0.093306
     0.512438   -0.098550
     0.496037   -0.103438
     0.479943   -0.107933
     0.464086   -0.112061
     0.448461   -0.115823
     0.433031   -0.119215
     0.417765   -0.122254
     0.402663   -0.124916
     0.387660   -0.127259
     0.372851   -0.129240
     0.358137   -0.130883
     0.343562   -0.132195
     0.329159   -0.133174
     0.314896   -0.133791
     0.300768   -0.134098
     0.286850   -0.134093
     0.273108   -0.133751
     0.259615   -0.133129
     0.246338   -0.132160
     0.233339   -0.130931
     0.220629   -0.129401
     0.208231   -0.127596
     0.196162   -0.125522
     0.184442   -0.123207
     0.173099   -0.120673
     0.162158   -0.117932
     0.151635   -0.114992
     0.141534   -0.111874
     0.131861   -0.108626
     0.122637   -0.105276
     0.113869   -0.101835
     0.105557   -0.098336
     0.097701   -0.094790
     0.090286   -0.091226
     0.083302   -0.087668
     0.076739   -0.084127
     0.070581   -0.080611
     0.064804   -0.077137
     0.059390   -0.073713
     0.054324   -0.070339
     0.049583   -0.067018
     0.045142   -0.063759
     0.040986   -0.060562
     0.037097   -0.057426
     0.033461   -0.054348
     0.030061   -0.051325
     0.026886   -0.048353
     0.023924   -0.045428
     0.021162   -0.042548
     0.018587   -0.039711
     0.016189   -0.036915
     0.013964   -0.034158
     0.011912   -0.031431
     0.010033   -0.028729
     0.008323   -0.026049
     0.006772   -0.023392
     0.005370   -0.020755
     0.004111   -0.018138
     0.003006   -0.015538
     0.002070   -0.012956
     0.001316   -0.010399
     0.000747   -0.007875
     0.000349   -0.005393
     0.000105   -0.002951
     0.000004   -0.000536
     0.000038    0.001873
     0.000202    0.004305
     0.000492    0.006783
     0.000908    0.009321
     0.001448    0.011922
     0.002114    0.014576
     0.002914    0.017267
     0.003854    0.019986
     0.004944    0.022726
     0.006191    0.025492
     0.007594    0.028291
     0.009153    0.031127
     0.010866    0.033999
     0.012736    0.036908
     0.014770    0.039853
     0.016976    0.042832
     0.019363    0.045848
     0.021941    0.048900
     0.024721    0.051986
     0.027712    0.055112
     0.030921    0.058278
     0.034361    0.061486
     0.038045    0.064734
     0.041988    0.068023
     0.046206    0.071350
     0.050716    0.074714
     0.055531    0.078115
     0.060669    0.081549
     0.066151    0.085004
     0.071997    0.088474
     0.078221    0.091955
     0.084840    0.095437
     0.091869    0.098905
     0.099322    0.102339
     0.107219    0.105721
     0.115556    0.109054
     0.124343    0.112274
     0.133611    0.115392
     0.143321    0.118383
     0.153519    0.121221
     0.164137    0.123922
     0.175212    0.126391
     0.186730    0.128661
     0.198678    0.130697
     0.211057    0.132481
     0.223868    0.133993
     0.237123    0.135249
     0.250763    0.136248
     0.264825    0.136930
     0.279283    0.137371
     0.294094    0.137472
     0.309326    0.137306
     0.324923    0.136818
     0.340876    0.136055
     0.357208    0.134987
     0.373873    0.133637
     0.390867    0.132001
     0.408196    0.130112
     0.425855    0.127950
     0.443818    0.125513
     0.462070    0.122858
     0.480614    0.119930
     0.499436    0.116783
     0.518511    0.113408
     0.537842    0.109840
     0.557381    0.106104
     0.577157    0.102166
     0.597141    0.098068
     0.617312    0.093807
     0.637661    0.089398
     0.658147    0.084873
     0.678732    0.080245
     0.699363    0.075539
     0.719945    0.070786
     0.740411    0.066011
     0.760718    0.061250
     0.780834    0.056532
     0.800651    0.051876
     0.820037    0.047329
     0.838848    0.042923
     0.856935    0.038716
     0.874072    0.034750
     0.890112    0.031074
     0.904942    0.027710
     0.918518    0.024650
     0.930851    0.021902
     0.942033    0.019436
     0.952153    0.017214
     0.961324    0.015219
     0.969645    0.013405
     0.977219    0.011738
     0.984143    0.010217
     0.990497    0.008821
     0.996347    0.007530
     1.000000    0.006720
