     0.992826   -0.032060
     0.989065   -0.030265
     0.982988   -0.027378
     0.976313   -0.024222
     0.968950   -0.020746
     0.960799   -0.016910
     0.951747   -0.012662
     0.941699   -0.007928
     0.930579   -0.002663
     0.918396    0.003136
     0.905252    0.009444
     0.891407    0.016131
     0.877279    0.022983
     0.863382    0.029749
     0.850168    0.036204
     0.837931    0.042196
     0.826805    0.047643
     0.816745    0.052579
     0.807256    0.056254
     0.796884    0.058710
     0.785398    0.061626
     0.772444    0.064858
     0.757767    0.068521
     0.741208    0.072630
     0.722762    0.077175
     0.702557    0.082097
     0.680794    0.087310
     0.657889    0.092706
     0.634231    0.098149
     0.610176    0.103547
     0.586017    0.108806
     0.561983    0.113868
     0.538209    0.118665
     0.514830    0.123189
     0.491965    0.127400
     0.469669    0.131252
     0.447953    0.134717
     0.426817    0.137818
     0.406275    0.140540
     0.386375    0.142877
     0.367087    0.144823
     0.348442    0.146391
     0.330449    0.147578
     0.313095    0.148403
     0.296412    0.148863
     0.280382    0.148962
     0.264979    0.148719
     0.250192    0.148134
     0.236001    0.147245
     0.222396    0.146047
     0.209363    0.144566
     0.196878    0.142799
     0.184919    0.140777
     0.173470    0.138499
     0.162511    0.135993
     0.152024    0.133271
     0.142002    0.130363
     0.132436    0.127277
     0.123315    0.124044
     0.114633    0.120672
     0.106376    0.117189
     0.098543    0.113603
     0.091112    0.109930
     0.084074    0.106198
     0.077423    0.102413
     0.071139    0.098590
     0.065210    0.094748
     0.059625    0.090896
     0.054375    0.087038
     0.049443    0.083179
     0.044814    0.079331
     0.040473    0.075500
     0.036410    0.071690
     0.032612    0.067905
     0.029067    0.064146
     0.025768    0.060416
     0.022706    0.056711
     0.019871    0.053034
     0.017253    0.049385
     0.014841    0.045768
     0.012631    0.042182
     0.010613    0.038630
     0.008785    0.035111
     0.007141    0.031625
     0.005677    0.028172
     0.004391    0.024755
     0.003282    0.021373
     0.002345    0.018028
     0.001573    0.014725
     0.000961    0.011463
     0.000501    0.008243
     0.000191    0.005059
     0.000027    0.001898
     0.000012   -0.001261
     0.000152   -0.004445
     0.000455   -0.007675
     0.000937   -0.010956
     0.001608   -0.014284
     0.002469   -0.017648
     0.003518   -0.021040
     0.004754   -0.024459
     0.006182   -0.027904
     0.007807   -0.031375
     0.009635   -0.034873
     0.011668   -0.038401
     0.013907   -0.041960
     0.016355   -0.045554
     0.019017   -0.049184
     0.021903   -0.052852
     0.025022   -0.056560
     0.028385   -0.060310
     0.032000   -0.064104
     0.035878   -0.067945
     0.040030   -0.071835
     0.044469   -0.075769
     0.049211   -0.079741
     0.054276   -0.083745
     0.059676   -0.087780
     0.065422   -0.091841
     0.071529   -0.095909
     0.078015   -0.099977
     0.084884   -0.104035
     0.092150   -0.108056
     0.099823   -0.112031
     0.107903   -0.115937
     0.116400   -0.119745
     0.125319   -0.123440
     0.134653   -0.127006
     0.144405   -0.130407
     0.154577   -0.133631
     0.165154   -0.136665
     0.176134   -0.139464
     0.187522   -0.142026
     0.199303   -0.144333
     0.211470   -0.146367
     0.224015   -0.148113
     0.236917   -0.149558
     0.250167   -0.150682
     0.263757   -0.151467
     0.277667   -0.151928
     0.291869   -0.152022
     0.306366   -0.151747
     0.321140   -0.151105
     0.336166   -0.150078
     0.351443   -0.148658
     0.366962   -0.146834
     0.382717   -0.144595
     0.398731   -0.141941
     0.414997   -0.138849
     0.431531   -0.135322
     0.448371   -0.131335
     0.465528   -0.126880
     0.483041   -0.121948
     0.500978   -0.116490
     0.519401   -0.110526
     0.538356   -0.104017
     0.557873   -0.096980
     0.577952   -0.089464
     0.598446   -0.081557
     0.619009   -0.073490
     0.639097   -0.065576
     0.658122   -0.058144
     0.675761   -0.051375
     0.691937   -0.045332
     0.706718   -0.040009
     0.720190   -0.035340
     0.732474   -0.031260
     0.743682   -0.027697
     0.753914   -0.024578
     0.763273   -0.021851
     0.771852   -0.019465
     0.779751   -0.017382
     0.787040   -0.015536
     0.793775   -0.013941
     0.800046   -0.012538
     0.806015   -0.011671
     0.812221   -0.011997
     0.818712   -0.012115
     0.825548   -0.012355
     0.832799   -0.012761
     0.840437   -0.013260
     0.848426   -0.013899
     0.856751   -0.014699
     0.865363   -0.015670
     0.874197   -0.016827
     0.883189   -0.018186
     0.892263   -0.019747
     0.901341   -0.021513
     0.910357   -0.023462
     0.919226   -0.025567
     0.927880   -0.027820
     0.936271   -0.030192
     0.944350   -0.032643
     0.952073   -0.035168
     0.959431   -0.037762
     0.966420   -0.040394
     0.973037   -0.043055
     0.979309   -0.045702
     0.985249   -0.048275
     0.989025   -0.049940
