     0.991012   -0.041248
     0.987581   -0.042501
     0.982940   -0.042644
     0.978612   -0.041146
     0.974286   -0.038928
     0.969698   -0.037007
     0.964790   -0.035521
     0.959641   -0.033900
     0.954230   -0.031982
     0.948433   -0.030018
     0.942188   -0.028048
     0.935499   -0.025985
     0.928351   -0.023868
     0.920717   -0.021725
     0.912606   -0.019562
     0.904034   -0.017422
     0.895037   -0.015340
     0.885679   -0.013342
     0.876053   -0.011458
     0.866267   -0.009716
     0.856454   -0.008128
     0.846749   -0.006710
     0.837272   -0.005467
     0.828134   -0.004392
     0.819400   -0.003487
     0.811132   -0.002713
     0.803352   -0.002130
     0.795859   -0.002788
     0.787929   -0.004014
     0.779344   -0.005569
     0.770023   -0.007355
     0.759943   -0.009447
     0.749027   -0.011890
     0.737236   -0.014703
     0.724544   -0.017943
     0.710922   -0.021614
     0.696403   -0.025763
     0.680984   -0.030372
     0.664731   -0.035451
     0.647711   -0.040957
     0.630013   -0.046814
     0.611854   -0.052885
     0.593558   -0.059023
     0.575247   -0.065089
     0.557007   -0.071019
     0.538905   -0.076692
     0.521037   -0.082085
     0.503422   -0.087125
     0.486096   -0.091771
     0.468995   -0.096033
     0.452132   -0.099892
     0.435467   -0.103325
     0.418980   -0.106383
     0.402622   -0.108962
     0.386429   -0.111281
     0.370287   -0.113107
     0.354210   -0.114598
     0.338254   -0.115747
     0.322394   -0.116437
     0.306596   -0.116782
     0.290997   -0.116760
     0.275550   -0.116397
     0.260377   -0.115608
     0.245396   -0.114538
     0.230712   -0.113095
     0.216338   -0.111312
     0.202312   -0.109199
     0.188683   -0.106808
     0.175520   -0.104176
     0.162889   -0.101285
     0.150790   -0.098146
     0.139245   -0.094864
     0.128312   -0.091468
     0.118003   -0.087995
     0.108343   -0.084466
     0.099306   -0.080909
     0.090879   -0.077378
     0.083048   -0.073881
     0.075779   -0.070433
     0.069035   -0.067055
     0.062786   -0.063751
     0.056995   -0.060520
     0.051621   -0.057374
     0.046634   -0.054314
     0.042003   -0.051332
     0.037702   -0.048423
     0.033703   -0.045583
     0.029987   -0.042803
     0.026532   -0.040077
     0.023317   -0.037401
     0.020322   -0.034776
     0.017537   -0.032193
     0.014964   -0.029639
     0.012605   -0.027099
     0.010450   -0.024567
     0.008482   -0.022043
     0.006687   -0.019528
     0.005060   -0.017019
     0.003631   -0.014509
     0.002432   -0.011994
     0.001485   -0.009473
     0.000791   -0.006960
     0.000326   -0.004471
     0.000068   -0.002012
     0.000002    0.000423
     0.000118    0.002854
     0.000402    0.005304
     0.000844    0.007794
     0.001436    0.010333
     0.002168    0.012920
     0.003047    0.015546
     0.004087    0.018199
     0.005304    0.020871
     0.006712    0.023557
     0.008311    0.026265
     0.010097    0.029002
     0.012060    0.031775
     0.014203    0.034585
     0.016536    0.037432
     0.019070    0.040316
     0.021820    0.043238
     0.024803    0.046196
     0.028033    0.049191
     0.031525    0.052232
     0.035289    0.055328
     0.039344    0.058481
     0.043715    0.061687
     0.048430    0.064946
     0.053516    0.068258
     0.059000    0.071626
     0.064908    0.075050
     0.071273    0.078520
     0.078129    0.082026
     0.085505    0.085559
     0.093426    0.089107
     0.101912    0.092653
     0.110987    0.096147
     0.120659    0.099618
     0.130894    0.102963
     0.141753    0.106190
     0.153138    0.109232
     0.165086    0.112175
     0.177559    0.114865
     0.190604    0.117332
     0.204140    0.119543
     0.218132    0.121453
     0.232562    0.123029
     0.247391    0.124345
     0.262475    0.125311
     0.277863    0.125952
     0.293337    0.126317
     0.308968    0.126284
     0.324864    0.125982
     0.341125    0.125401
     0.357722    0.124463
     0.374533    0.123273
     0.391451    0.121809
     0.408476    0.120112
     0.425786    0.118157
     0.443533    0.115925
     0.461721    0.113483
     0.480258    0.110720
     0.499140    0.107752
     0.518246    0.104564
     0.537495    0.101178
     0.556984    0.097664
     0.576801    0.093892
     0.596841    0.089975
     0.616997    0.085897
     0.637175    0.081703
     0.657238    0.077466
     0.677012    0.073224
     0.696285    0.069040
     0.714850    0.064975
     0.732460    0.061099
     0.748912    0.057461
     0.764121    0.054098
     0.778081    0.051037
     0.790786    0.048230
     0.802291    0.045710
     0.812486    0.042438
     0.822501    0.037750
     0.833269    0.032931
     0.844789    0.027745
     0.856995    0.022280
     0.869649    0.016606
     0.882500    0.010888
     0.895205    0.005263
     0.907468   -0.000134
     0.919039   -0.005224
     0.929785   -0.009919
     0.939668   -0.014224
     0.948701   -0.018147
     0.956938   -0.021711
     0.964437   -0.024968
     0.971276   -0.027955
     0.977544   -0.030682
     0.983305   -0.033182
     0.988613   -0.035489
     0.991930   -0.036931
