     1.000000   -0.000062
     0.998720   -0.002921
     0.995616   -0.003585
     0.991601   -0.002343
     0.987217   -0.000933
     0.982936   -0.000366
     0.978647   -0.000170
     0.974072    0.000282
     0.969091    0.000976
     0.963701    0.001644
     0.957872    0.002238
     0.951531    0.002865
     0.944629    0.003499
     0.937112    0.004078
     0.928927    0.004608
     0.920049    0.005065
     0.910460    0.005405
     0.900156    0.005588
     0.889152    0.005585
     0.877492    0.005366
     0.865230    0.004909
     0.852450    0.004198
     0.839231    0.003210
     0.825665    0.001948
     0.811828    0.000389
     0.797780   -0.001482
     0.783545   -0.003671
     0.769135   -0.006193
     0.754540   -0.009043
     0.739737   -0.012214
     0.724741   -0.015697
     0.709524   -0.019470
     0.694095   -0.023545
     0.678441   -0.027879
     0.662551   -0.032482
     0.646448   -0.037311
     0.630136   -0.042315
     0.613701   -0.047427
     0.597182   -0.052603
     0.580621   -0.057759
     0.564190   -0.062828
     0.547933   -0.067719
     0.531884   -0.072412
     0.516088   -0.076852
     0.500547   -0.081049
     0.485260   -0.084926
     0.470186   -0.088510
     0.455320   -0.091781
     0.440650   -0.094724
     0.426142   -0.097368
     0.411859   -0.099663
     0.397673   -0.101690
     0.383515   -0.103436
     0.369213   -0.104917
     0.354855   -0.106117
     0.340514   -0.107043
     0.326170   -0.107636
     0.311785   -0.107939
     0.297472   -0.107969
     0.283173   -0.107686
     0.269013   -0.107120
     0.254878   -0.106242
     0.240912   -0.105099
     0.227096   -0.103651
     0.213466   -0.101914
     0.200042   -0.099903
     0.186879   -0.097641
     0.174042   -0.095139
     0.161569   -0.092379
     0.149477   -0.089398
     0.137835   -0.086267
     0.126715   -0.083005
     0.116174   -0.079658
     0.106247   -0.076240
     0.096948   -0.072814
     0.088298   -0.069411
     0.080288   -0.066054
     0.072896   -0.062772
     0.066095   -0.059579
     0.059844   -0.056481
     0.054100   -0.053493
     0.048825   -0.050613
     0.043977   -0.047832
     0.039518   -0.045146
     0.035411   -0.042548
     0.031626   -0.040030
     0.028131   -0.037585
     0.024900   -0.035208
     0.021906   -0.032895
     0.019134   -0.030638
     0.016577   -0.028424
     0.014227   -0.026241
     0.012070   -0.024083
     0.010089   -0.021947
     0.008268   -0.019831
     0.006596   -0.017729
     0.005085   -0.015633
     0.003761   -0.013534
     0.002639   -0.011431
     0.001733   -0.009326
     0.001036   -0.007232
     0.000529   -0.005164
     0.000196   -0.003124
     0.000026   -0.001107
     0.000015    0.000900
     0.000156    0.002919
     0.000442    0.004973
     0.000868    0.007078
     0.001433    0.009245
     0.002131    0.011476
     0.002960    0.013757
     0.003928    0.016076
     0.005043    0.018423
     0.006314    0.020792
     0.007753    0.023187
     0.009365    0.025618
     0.011154    0.028095
     0.013121    0.030624
     0.015272    0.033207
     0.017619    0.035845
     0.020176    0.038539
     0.022963    0.041293
     0.026001    0.044110
     0.029310    0.046994
     0.032915    0.049953
     0.036835    0.052994
     0.041098    0.056122
     0.045737    0.059335
     0.050786    0.062632
     0.056281    0.066015
     0.062256    0.069482
     0.068743    0.073029
     0.075774    0.076636
     0.083378    0.080290
     0.091573    0.083967
     0.100371    0.087652
     0.109748    0.091301
     0.119733    0.094882
     0.130228    0.098369
     0.141307    0.101686
     0.152828    0.104858
     0.164839    0.107838
     0.177190    0.110608
     0.189899    0.113114
     0.202908    0.115357
     0.216193    0.117337
     0.229688    0.119021
     0.243431    0.120403
     0.257327    0.121520
     0.271398    0.122315
     0.285615    0.122886
     0.299799    0.123124
     0.314186    0.123114
     0.328777    0.122805
     0.343580    0.122269
     0.358555    0.121435
     0.373661    0.120390
     0.388848    0.119138
     0.404060    0.117651
     0.419137    0.116032
     0.433985    0.114290
     0.448567    0.112345
     0.463296    0.110358
     0.478531    0.108083
     0.494288    0.105611
     0.510431    0.102969
     0.526837    0.100150
     0.543478    0.097182
     0.560293    0.094092
     0.577353    0.090832
     0.594591    0.087452
     0.611961    0.083943
     0.629462    0.080315
     0.647072    0.076614
     0.664712    0.072847
     0.682354    0.069053
     0.699974    0.065222
     0.717550    0.061383
     0.735072    0.057541
     0.752497    0.053725
     0.769778    0.049953
     0.787001    0.046210
     0.804152    0.042513
     0.821135    0.038883
     0.837929    0.035314
     0.854535    0.031837
     0.870770    0.028441
     0.886492    0.025212
     0.901482    0.022171
     0.915563    0.019344
     0.928585    0.016756
     0.940484    0.014422
     0.951244    0.012325
     0.960923    0.010467
     0.969609    0.008808
     0.977399    0.007315
     0.984407    0.005977
     0.990732    0.004770
     0.996465    0.003671
     1.000000    0.002990
