     1.000000    0.014551
     0.993020    0.018523
     0.982126    0.024601
     0.970661    0.030578
     0.958653    0.036467
     0.946317    0.042518
     0.933783    0.048507
     0.921281    0.054424
     0.908986    0.060224
     0.896992    0.065863
     0.885111    0.071260
     0.873464    0.076639
     0.862091    0.081774
     0.851001    0.086737
     0.840125    0.091675
     0.829176    0.096426
     0.818101    0.101160
     0.806853    0.106021
     0.795319    0.110919
     0.783417    0.115835
     0.770975    0.120992
     0.757809    0.126285
     0.744008    0.131809
     0.729668    0.137371
     0.715075    0.142941
     0.700489    0.148399
     0.686083    0.153733
     0.671763    0.158811
     0.657240    0.163916
     0.642395    0.168963
     0.627501    0.173931
     0.612628    0.178698
     0.597896    0.183281
     0.583231    0.187718
     0.568718    0.191993
     0.554420    0.195964
     0.540340    0.199837
     0.526468    0.203416
     0.512699    0.206895
     0.499024    0.210104
     0.485673    0.213108
     0.472644    0.215775
     0.459740    0.218347
     0.446927    0.220713
     0.434282    0.222886
     0.421870    0.224866
     0.409589    0.226563
     0.397577    0.228087
     0.385860    0.229466
     0.374062    0.230568
     0.362054    0.231621
     0.349841    0.232324
     0.337541    0.232987
     0.325276    0.233359
     0.313123    0.233479
     0.301163    0.233413
     0.289459    0.232998
     0.278021    0.232449
     0.266913    0.231680
     0.256160    0.230686
     0.245842    0.229466
     0.235923    0.228124
     0.226428    0.226631
     0.217319    0.225004
     0.208608    0.223188
     0.200246    0.221343
     0.192280    0.219293
     0.184557    0.217221
     0.177097    0.214982
     0.169899    0.212710
     0.162988    0.210259
     0.156314    0.207799
     0.149793    0.205274
     0.143399    0.202556
     0.137119    0.199759
     0.130982    0.196892
     0.125040    0.193896
     0.119294    0.190830
     0.113720    0.187775
     0.108374    0.184578
     0.103105    0.181349
     0.097976    0.177963
     0.092903    0.174568
     0.087945    0.171009
     0.083081    0.167323
     0.078393    0.163433
     0.073691    0.159527
     0.069075    0.155409
     0.064520    0.151094
     0.060005    0.146628
     0.055620    0.141958
     0.051249    0.137200
     0.047052    0.132226
     0.043003    0.127090
     0.039045    0.121837
     0.035213    0.116394
     0.031531    0.110761
     0.027999    0.104960
     0.024651    0.098992
     0.021466    0.092894
     0.018450    0.086675
     0.015639    0.080336
     0.013012    0.073873
     0.010608    0.067277
     0.008466    0.060562
     0.006617    0.053745
     0.005073    0.046856
     0.003858    0.039903
     0.002841    0.032916
     0.001973    0.025885
     0.001181    0.018858
     0.000526    0.011859
     0.000058    0.004761
     0.000088   -0.001543
     0.000285   -0.001797
     0.000762   -0.009411
     0.001270   -0.015712
     0.001984   -0.022026
     0.002910   -0.028363
     0.003953   -0.034708
     0.005293   -0.040999
     0.006792   -0.047264
     0.008542   -0.053467
     0.010512   -0.059587
     0.012722   -0.065582
     0.015128   -0.071465
     0.017715   -0.077243
     0.020518   -0.082894
     0.023446   -0.088449
     0.026531   -0.093891
     0.029828   -0.099257
     0.033291   -0.104562
     0.036916   -0.109799
     0.040844   -0.114900
     0.044906   -0.119969
     0.049169   -0.124918
     0.053612   -0.129807
     0.058341   -0.134581
     0.063228   -0.139299
     0.068279   -0.143938
     0.073493   -0.148463
     0.078863   -0.152846
     0.084386   -0.157060
     0.089995   -0.161145
     0.095710   -0.165065
     0.101518   -0.168838
     0.107450   -0.172454
     0.113504   -0.175988
     0.119796   -0.179383
     0.126309   -0.182756
     0.133033   -0.186094
     0.140025   -0.189294
     0.147257   -0.192392
     0.154736   -0.195424
     0.162517   -0.198353
     0.170582   -0.201253
     0.178952   -0.203937
     0.187560   -0.206563
     0.196364   -0.209066
     0.205366   -0.211335
     0.214439   -0.213470
     0.223549   -0.215305
     0.232605   -0.217112
     0.241726   -0.218558
     0.250808   -0.220003
     0.259975   -0.221185
     0.269231   -0.222134
     0.278494   -0.223039
     0.287768   -0.223715
     0.297048   -0.224132
     0.306339   -0.224463
     0.315754   -0.224726
     0.325320   -0.224668
     0.335105   -0.224573
     0.345107   -0.224206
     0.355251   -0.223596
     0.365423   -0.222934
     0.375461   -0.221982
     0.385517   -0.221032
     0.395830   -0.219733
     0.406448   -0.218188
     0.417321   -0.216489
     0.428347   -0.214521
     0.439406   -0.212392
     0.450426   -0.210038
     0.461379   -0.207501
     0.472332   -0.204758
     0.483289   -0.201858
     0.494149   -0.198827
     0.504968   -0.195626
     0.515825   -0.192159
     0.526722   -0.188633
     0.537648   -0.184784
     0.548668   -0.180892
     0.559752   -0.176675
     0.570912   -0.172370
     0.582201   -0.167863
     0.593716   -0.163057
     0.605473   -0.158075
     0.617283   -0.152858
     0.629121   -0.147429
     0.641199   -0.141923
     0.653449   -0.136071
     0.665946   -0.130049
     0.678608   -0.123755
     0.691467   -0.117338
     0.704615   -0.110679
     0.718239   -0.103785
     0.732127   -0.096638
     0.746219   -0.089429
     0.760511   -0.082258
     0.774819   -0.075130
     0.788841   -0.068235
     0.802330   -0.061775
     0.815203   -0.055880
     0.827422   -0.050415
     0.839009   -0.045392
     0.849920   -0.040832
     0.860168   -0.036754
     0.869738   -0.033046
     0.878716   -0.029799
     0.887129   -0.026880
     0.894997   -0.024296
     0.902372   -0.022018
     0.909286   -0.019998
     0.915772   -0.018207
     0.921874   -0.016651
     0.927629   -0.015289
     0.933052   -0.014054
     0.938163   -0.012924
     0.942994   -0.011939
     0.947584   -0.011110
     0.951941   -0.010349
     0.956080   -0.009651
     0.960029   -0.009076
     0.963808   -0.008628
     0.967430   -0.008277
     0.970901   -0.007964
     0.974224   -0.007612
     0.977408   -0.007278
     0.980490   -0.007191
     0.983505   -0.007448
     0.986432   -0.007519
     0.989214   -0.006722
     0.991785   -0.004896
     0.994094   -0.002755
     0.996125   -0.001005
     0.997867   -0.000449
     0.999297   -0.002433
     1.000000   -0.008100
