     1.000000    0.012125
     0.995202    0.013480
     0.987403    0.015670
     0.978776    0.018071
     0.969181    0.020710
     0.958456    0.023626
     0.946425    0.026873
     0.932934    0.030509
     0.917862    0.034578
     0.901129    0.039146
     0.882718    0.044210
     0.862764    0.049720
     0.841539    0.055601
     0.819311    0.061771
     0.796346    0.068150
     0.772840    0.074658
     0.749029    0.081214
     0.725121    0.087764
     0.701284    0.094221
     0.677610    0.100561
     0.654091    0.106773
     0.630756    0.112840
     0.607697    0.118721
     0.584956    0.124380
     0.562602    0.129812
     0.540664    0.134970
     0.519167    0.139856
     0.498167    0.144434
     0.477680    0.148700
     0.457716    0.152627
     0.438260    0.156207
     0.419329    0.159446
     0.400916    0.162337
     0.383037    0.164871
     0.365676    0.167052
     0.348829    0.168884
     0.332515    0.170383
     0.316737    0.171532
     0.301474    0.172352
     0.286734    0.172851
     0.272528    0.173043
     0.258835    0.172921
     0.245645    0.172505
     0.232946    0.171806
     0.220730    0.170839
     0.208985    0.169611
     0.197696    0.168128
     0.186844    0.166396
     0.176405    0.164430
     0.166372    0.162244
     0.156728    0.159846
     0.147464    0.157249
     0.138564    0.154463
     0.130020    0.151510
     0.121829    0.148399
     0.113980    0.145145
     0.106471    0.141762
     0.099297    0.138252
     0.092451    0.134622
     0.085919    0.130886
     0.079693    0.127060
     0.073770    0.123155
     0.068147    0.119174
     0.062814    0.115123
     0.057757    0.111021
     0.052972    0.106881
     0.048454    0.102707
     0.044194    0.098511
     0.040183    0.094304
     0.036415    0.090095
     0.032885    0.085890
     0.029584    0.081697
     0.026504    0.077525
     0.023641    0.073377
     0.020989    0.069257
     0.018532    0.065174
     0.016257    0.061138
     0.014152    0.057156
     0.012213    0.053234
     0.010439    0.049374
     0.008845    0.045571
     0.007441    0.041816
     0.006224    0.038106
     0.005179    0.034443
     0.004293    0.030834
     0.003534    0.027285
     0.002864    0.023804
     0.002251    0.020394
     0.001687    0.017060
     0.001185    0.013806
     0.000755    0.010645
     0.000410    0.007589
     0.000163    0.004635
     0.000026    0.001754
     0.000009   -0.001095
     0.000112   -0.003967
     0.000324   -0.006901
     0.000634   -0.009927
     0.001029   -0.013047
     0.001504   -0.016251
     0.002057   -0.019523
     0.002687   -0.022858
     0.003403   -0.026253
     0.004230   -0.029707
     0.005196   -0.033212
     0.006329   -0.036765
     0.007632   -0.040364
     0.009110   -0.044008
     0.010763   -0.047699
     0.012588   -0.051439
     0.014581   -0.055234
     0.016741   -0.059080
     0.019075   -0.062975
     0.021591   -0.066910
     0.024305   -0.070876
     0.027233   -0.074863
     0.030387   -0.078866
     0.033775   -0.082882
     0.037404   -0.086907
     0.041283   -0.090938
     0.045420   -0.094971
     0.049819   -0.099006
     0.054487   -0.103035
     0.059435   -0.107046
     0.064677   -0.111031
     0.070219   -0.114981
     0.076076   -0.118884
     0.082261   -0.122731
     0.088780   -0.126519
     0.095644   -0.130234
     0.102867   -0.133866
     0.110454   -0.137413
     0.118411   -0.140862
     0.126743   -0.144204
     0.135447   -0.147423
     0.144531   -0.150497
     0.153993   -0.153419
     0.163828   -0.156166
     0.174043   -0.158717
     0.184630   -0.161076
     0.195568   -0.163222
     0.206850   -0.165133
     0.218460   -0.166802
     0.230380   -0.168203
     0.242601   -0.169330
     0.255108   -0.170161
     0.267887   -0.170698
     0.280925   -0.170922
     0.294205   -0.170822
     0.307734   -0.170396
     0.321484   -0.169635
     0.335450   -0.168537
     0.349622   -0.167091
     0.363990   -0.165292
     0.378554   -0.163133
     0.393306   -0.160606
     0.408262   -0.157705
     0.423420   -0.154412
     0.438824   -0.150712
     0.454505   -0.146580
     0.470522   -0.142026
     0.486905   -0.137029
     0.503689   -0.131588
     0.520891   -0.125699
     0.538547   -0.119352
     0.556684   -0.112544
     0.575333   -0.105270
     0.594488   -0.097568
     0.614065   -0.089523
     0.633880   -0.081257
     0.653569   -0.073014
     0.672786   -0.065024
     0.691288   -0.057468
     0.708978   -0.050456
     0.725887   -0.044011
     0.742067   -0.038135
     0.757588   -0.032808
     0.772533   -0.028008
     0.786973   -0.023709
     0.800943   -0.019869
     0.814477   -0.016476
     0.827574   -0.013487
     0.840248   -0.010912
     0.852519   -0.008734
     0.864411   -0.006945
     0.875945   -0.005518
     0.887128   -0.004444
     0.897980   -0.003706
     0.908504   -0.003277
     0.918697   -0.003129
     0.928550   -0.003244
     0.938058   -0.003604
     0.947219   -0.004185
     0.956016   -0.004984
     0.964464   -0.006036
     0.972590   -0.007339
     0.980411   -0.008896
     0.987967   -0.010673
     0.995277   -0.012557
     1.000000   -0.013845
