     0.993262   -0.029209
     0.988551   -0.026728
     0.980854   -0.022691
     0.972289   -0.018227
     0.962719   -0.013278
     0.952007   -0.007779
     0.940059   -0.001667
     0.926890    0.005066
     0.912676    0.012357
     0.897765    0.020057
     0.882677    0.027876
     0.868013    0.035489
     0.854267    0.042633
     0.841715    0.049182
     0.830375    0.055057
     0.820160    0.060459
     0.809917    0.064404
     0.798326    0.067598
     0.785173    0.071246
     0.770133    0.075407
     0.753005    0.080122
     0.733707    0.085421
     0.712386    0.091225
     0.689373    0.097425
     0.665111    0.103878
     0.639989    0.110454
     0.614489    0.117003
     0.588977    0.123389
     0.563719    0.129544
     0.538908    0.135375
     0.514656    0.140858
     0.491071    0.145937
     0.468213    0.150592
     0.446080    0.154796
     0.424666    0.158561
     0.403977    0.161874
     0.384026    0.164738
     0.364787    0.167156
     0.346244    0.169141
     0.328420    0.170712
     0.311293    0.171857
     0.294848    0.172611
     0.279081    0.172994
     0.263988    0.173003
     0.249533    0.172660
     0.235697    0.171983
     0.222459    0.170994
     0.209801    0.169706
     0.197695    0.168128
     0.186115    0.166268
     0.175026    0.164147
     0.164412    0.161781
     0.154251    0.159181
     0.144527    0.156362
     0.135219    0.153340
     0.126318    0.150139
     0.117813    0.146768
     0.109695    0.143249
     0.101959    0.139588
     0.094595    0.135790
     0.087588    0.131867
     0.080924    0.127838
     0.074599    0.123718
     0.068607    0.119510
     0.062938    0.115220
     0.057575    0.110868
     0.052513    0.106469
     0.047747    0.102029
     0.043264    0.097559
     0.039056    0.093074
     0.035118    0.088581
     0.031441    0.084088
     0.028015    0.079606
     0.024835    0.075142
     0.021896    0.070699
     0.019185    0.066285
     0.016682    0.061912
     0.014376    0.057592
     0.012260    0.053332
     0.010334    0.049134
     0.008618    0.044994
     0.007125    0.040901
     0.005849    0.036851
     0.004771    0.032849
     0.003867    0.028899
     0.003090    0.025011
     0.002393    0.021202
     0.001756    0.017487
     0.001194    0.013869
     0.000717    0.010342
     0.000344    0.006898
     0.000097    0.003519
     0.000001    0.000168
     0.000074   -0.003205
     0.000302   -0.006650
     0.000666   -0.010196
     0.001141   -0.013845
     0.001721   -0.017581
     0.002402   -0.021389
     0.003186   -0.025264
     0.004100   -0.029196
     0.005186   -0.033177
     0.006478   -0.037201
     0.007983   -0.041265
     0.009703   -0.045371
     0.011634   -0.049520
     0.013769   -0.053718
     0.016101   -0.057967
     0.018635   -0.062261
     0.021381   -0.066591
     0.024353   -0.070944
     0.027572   -0.075307
     0.031052   -0.079676
     0.034801   -0.084047
     0.038826   -0.088416
     0.043139   -0.092778
     0.047745   -0.097133
     0.052648   -0.101478
     0.057861   -0.105798
     0.063399   -0.110083
     0.069272   -0.114324
     0.075493   -0.118508
     0.082081   -0.122623
     0.089046   -0.126667
     0.096398   -0.130626
     0.104157   -0.134488
     0.112329   -0.138250
     0.120924   -0.141897
     0.129946   -0.145421
     0.139397   -0.148794
     0.149286   -0.152000
     0.159609   -0.155023
     0.170370   -0.157833
     0.181574   -0.160423
     0.193197   -0.162782
     0.205230   -0.164877
     0.217659   -0.166697
     0.230460   -0.168211
     0.243625   -0.169410
     0.257139   -0.170267
     0.270982   -0.170780
     0.285140   -0.170928
     0.299604   -0.170688
     0.314365   -0.170070
     0.329408   -0.169052
     0.344714   -0.167628
     0.360278   -0.165789
     0.376096   -0.163520
     0.392162   -0.160814
     0.408493   -0.157657
     0.425092   -0.154027
     0.442018   -0.149901
     0.459333   -0.145243
     0.477094   -0.140059
     0.495353   -0.134327
     0.514141   -0.128047
     0.533479   -0.121205
     0.553377   -0.113806
     0.573820   -0.105868
     0.594712   -0.097477
     0.615780   -0.088810
     0.636559   -0.080135
     0.656407   -0.071828
     0.674848   -0.064175
     0.691671   -0.057314
     0.706889   -0.051270
     0.720637   -0.045984
     0.733053   -0.041372
     0.744302   -0.037347
     0.754519   -0.033835
     0.763834   -0.030759
     0.772357   -0.028067
     0.780201   -0.025684
     0.787403   -0.023560
     0.794072   -0.021775
     0.800299   -0.020063
     0.806182   -0.018578
     0.812311   -0.018504
     0.818750   -0.018395
     0.825568   -0.018427
     0.832768   -0.018544
     0.840320   -0.018764
     0.848215   -0.019128
     0.856432   -0.019654
     0.864932   -0.020355
     0.873666   -0.021252
     0.882580   -0.022368
     0.891618   -0.023710
     0.900718   -0.025279
     0.909815   -0.027068
     0.918842   -0.029070
     0.927740   -0.031277
     0.936458   -0.033670
     0.944940   -0.036236
     0.953145   -0.039012
     0.961070   -0.042010
     0.968706   -0.045236
     0.976081   -0.048681
     0.983233   -0.052228
     0.987863   -0.054611
