     0.990836   -0.040822
     0.989334   -0.040199
     0.986760   -0.039145
     0.983656   -0.037899
     0.979809   -0.036393
     0.975017   -0.034576
     0.969229   -0.032465
     0.962472   -0.030113
     0.954910   -0.027617
     0.946837   -0.025108
     0.938445   -0.022668
     0.929822   -0.020326
     0.921007   -0.018085
     0.912012   -0.015930
     0.902868   -0.013846
     0.893582   -0.011819
     0.884211   -0.009833
     0.874815   -0.007908
     0.865388   -0.006036
     0.855984   -0.004225
     0.846639   -0.002488
     0.837441   -0.000838
     0.828566    0.000696
     0.820315    0.002100
     0.813153    0.003266
     0.807006    0.004194
     0.801906    0.005146
     0.797480    0.005487
     0.792499    0.005082
     0.786451    0.004776
     0.779295    0.004347
     0.770990    0.003807
     0.761933    0.003215
     0.752454    0.002567
     0.742769    0.001881
     0.732985    0.001167
     0.723173    0.000431
     0.713322   -0.000329
     0.703447   -0.001102
     0.693572   -0.001887
     0.683694   -0.002687
     0.673797   -0.003497
     0.663895   -0.004310
     0.653986   -0.005129
     0.644077   -0.005950
     0.634175   -0.006771
     0.624261   -0.007588
     0.614345   -0.008403
     0.604438   -0.009216
     0.594549   -0.010027
     0.584658   -0.010829
     0.574770   -0.011628
     0.564881   -0.012416
     0.554997   -0.013195
     0.545131   -0.013958
     0.535264   -0.014705
     0.525406   -0.015437
     0.515552   -0.016155
     0.505750   -0.016858
     0.495957   -0.017525
     0.486160   -0.018181
     0.476355   -0.018804
     0.466516   -0.019413
     0.456720   -0.019999
     0.446932   -0.020546
     0.437124   -0.021066
     0.427317   -0.021562
     0.417558   -0.022032
     0.407847   -0.022453
     0.398139   -0.022862
     0.388465   -0.023229
     0.378752   -0.023573
     0.369066   -0.023873
     0.359297   -0.024137
     0.349569   -0.024367
     0.339826   -0.024545
     0.330030   -0.024691
     0.320245   -0.024805
     0.310408   -0.024885
     0.300548   -0.024952
     0.290724   -0.024995
     0.280870   -0.025009
     0.271040   -0.025003
     0.261189   -0.024965
     0.251315   -0.024912
     0.241460   -0.024841
     0.231602   -0.024749
     0.221807   -0.024638
     0.212012   -0.024479
     0.202200   -0.024297
     0.192392   -0.024084
     0.182618   -0.023847
     0.172852   -0.023562
     0.163050   -0.023263
     0.153279   -0.022936
     0.143509   -0.022574
     0.133772   -0.022182
     0.124094   -0.021747
     0.114472   -0.021264
     0.104919   -0.020718
     0.095418   -0.020102
     0.085988   -0.019414
     0.076659   -0.018649
     0.067499   -0.017802
     0.058594   -0.016864
     0.050061   -0.015834
     0.042098   -0.014726
     0.034892   -0.013565
     0.028629   -0.012410
     0.023379   -0.011278
     0.019051   -0.010158
     0.015473   -0.009020
     0.012471   -0.007869
     0.009909   -0.006737
     0.007696   -0.005644
     0.005787   -0.004573
     0.004180   -0.003488
     0.002861   -0.002376
     0.001799   -0.001241
     0.000962   -0.000100
     0.000327    0.001020
    -0.000129    0.002111
    -0.000420    0.003174
    -0.000551    0.004219
    -0.000517    0.005257
    -0.000324    0.006305
     0.000027    0.007379
     0.000542    0.008496
     0.001237    0.009670
     0.002131    0.010908
     0.003242    0.012202
     0.004606    0.013549
     0.006256    0.014955
     0.008214    0.016438
     0.010515    0.018049
     0.013257    0.019817
     0.016583    0.021762
     0.020667    0.023910
     0.025640    0.026309
     0.031478    0.028939
     0.038073    0.031674
     0.045335    0.034446
     0.053089    0.037182
     0.061187    0.039830
     0.069551    0.042369
     0.078123    0.044797
     0.086857    0.047112
     0.095720    0.049320
     0.104689    0.051423
     0.113745    0.053427
     0.122872    0.055333
     0.132067    0.057146
     0.141323    0.058874
     0.150628    0.060521
     0.159979    0.062088
     0.169363    0.063581
     0.178769    0.064996
     0.188207    0.066337
     0.197673    0.067609
     0.207156    0.068811
     0.216658    0.069943
     0.226183    0.071010
     0.235726    0.072012
     0.245292    0.072952
     0.254872    0.073833
     0.264463    0.074652
     0.274073    0.075413
     0.283700    0.076120
     0.293333    0.076772
     0.302971    0.077370
     0.312603    0.077912
     0.322231    0.078398
     0.331841    0.078824
     0.341442    0.079185
     0.351033    0.079481
     0.360631    0.079707
     0.370255    0.079872
     0.379889    0.079978
     0.389542    0.080024
     0.399222    0.080020
     0.408893    0.079964
     0.418582    0.079854
     0.428288    0.079699
     0.437983    0.079497
     0.447681    0.079244
     0.457385    0.078946
     0.467090    0.078598
     0.476804    0.078206
     0.486524    0.077769
     0.496251    0.077291
     0.505974    0.076772
     0.515687    0.076211
     0.525395    0.075606
     0.535101    0.074956
     0.544820    0.074264
     0.554515    0.073533
     0.564218    0.072754
     0.573912    0.071937
     0.583595    0.071072
     0.593288    0.070166
     0.602953    0.069219
     0.612621    0.068220
     0.622307    0.067179
     0.631978    0.066096
     0.641664    0.064971
     0.651341    0.063807
     0.661018    0.062602
     0.670693    0.061359
     0.680364    0.060077
     0.690020    0.058758
     0.699665    0.057398
     0.709316    0.055994
     0.718965    0.054553
     0.728607    0.053073
     0.738243    0.051558
     0.747859    0.050008
     0.757418    0.048438
     0.766821    0.046858
     0.775926    0.045309
     0.784364    0.043832
     0.792030    0.042482
     0.798572    0.041425
     0.804093    0.040259
     0.809220    0.038566
     0.814714    0.036221
     0.821218    0.033454
     0.828646    0.030418
     0.836804    0.027004
     0.845470    0.023363
     0.854337    0.019609
     0.863322    0.015775
     0.872358    0.011896
     0.881424    0.007984
     0.890509    0.004050
     0.899593    0.000106
     0.908651   -0.003838
     0.917659   -0.007779
     0.926594   -0.011717
     0.935421   -0.015642
     0.944052   -0.019527
     0.952378   -0.023321
     0.960072   -0.026861
     0.966798   -0.030015
     0.972492   -0.032642
     0.977205   -0.034801
     0.981019   -0.036701
     0.984132   -0.038374
     0.986812   -0.039696
     0.989244   -0.040642
     0.990782   -0.041073
