     0.991226   -0.041181
     0.989243   -0.043791
     0.985793   -0.043543
     0.981795   -0.041193
     0.977506   -0.038934
     0.973166   -0.037584
     0.968701   -0.036374
     0.963939   -0.034738
     0.958782   -0.032879
     0.953187   -0.031030
     0.947114   -0.029096
     0.940518   -0.027016
     0.933351   -0.024862
     0.925569   -0.022638
     0.917169   -0.020351
     0.908169   -0.018045
     0.898611   -0.015769
     0.888582   -0.013565
     0.878215   -0.011471
     0.867677   -0.009531
     0.857160   -0.007768
     0.846856   -0.006203
     0.836935   -0.004847
     0.827510   -0.003689
     0.818688   -0.002693
     0.810495   -0.001968
     0.802839   -0.001149
     0.795429   -0.001852
     0.787472   -0.003033
     0.778783   -0.004466
     0.769231   -0.006178
     0.758806   -0.008179
     0.747453   -0.010532
     0.735168   -0.013244
     0.721976   -0.016366
     0.707923   -0.019881
     0.693084   -0.023819
     0.677542   -0.028135
     0.661368   -0.032830
     0.644669   -0.037854
     0.627533   -0.043124
     0.610103   -0.048551
     0.592476   -0.054071
     0.574784   -0.059573
     0.557228   -0.064939
     0.539869   -0.070089
     0.522781   -0.074995
     0.505969   -0.079607
     0.489482   -0.083881
     0.473248   -0.087803
     0.457270   -0.091367
     0.441527   -0.094557
     0.425982   -0.097396
     0.410694   -0.099832
     0.395525   -0.101989
     0.380336   -0.103783
     0.365033   -0.105289
     0.349681   -0.106492
     0.334357   -0.107340
     0.319013   -0.107811
     0.303682   -0.108001
     0.288419   -0.107810
     0.273256   -0.107342
     0.258177   -0.106463
     0.243264   -0.105316
     0.228541   -0.103817
     0.214041   -0.101993
     0.199796   -0.099863
     0.185871   -0.097455
     0.172343   -0.094783
     0.159255   -0.091830
     0.146634   -0.088658
     0.134566   -0.085335
     0.123118   -0.081894
     0.112350   -0.078371
     0.102276   -0.074805
     0.092911   -0.071254
     0.084257   -0.067743
     0.076285   -0.064300
     0.068965   -0.060949
     0.062254   -0.057694
     0.056101   -0.054550
     0.050460   -0.051521
     0.045287   -0.048597
     0.040538   -0.045772
     0.036173   -0.043039
     0.032156   -0.040391
     0.028455   -0.037817
     0.025038   -0.035312
     0.021878   -0.032874
     0.018959   -0.030492
     0.016274   -0.028151
     0.013812   -0.025839
     0.011560   -0.023549
     0.009498   -0.021278
     0.007608   -0.019023
     0.005888   -0.016777
     0.004365   -0.014530
     0.003063   -0.012274
     0.002003   -0.010008
     0.001187   -0.007738
     0.000597   -0.005488
     0.000214   -0.003266
     0.000024   -0.001068
     0.000023    0.001114
     0.000199    0.003303
     0.000540    0.005520
     0.001039    0.007782
     0.001686    0.010095
     0.002473    0.012457
     0.003405    0.014860
     0.004490    0.017296
     0.005742    0.019760
     0.007172    0.022251
     0.008788    0.024773
     0.010592    0.027338
     0.012584    0.029951
     0.014767    0.032617
     0.017155    0.035337
     0.019762    0.038114
     0.022608    0.040951
     0.025713    0.043851
     0.029102    0.046818
     0.032796    0.049858
     0.036819    0.052983
     0.041200    0.056195
     0.045975    0.059495
     0.051182    0.062883
     0.056861    0.066360
     0.063049    0.069928
     0.069785    0.073578
     0.077109    0.077296
     0.085055    0.081064
     0.093650    0.084859
     0.102904    0.088669
     0.112815    0.092425
     0.123386    0.096141
     0.134562    0.099689
     0.146363    0.103134
     0.158708    0.106337
     0.171543    0.109388
     0.184802    0.112146
     0.198451    0.114627
     0.212450    0.116807
     0.226724    0.118683
     0.241290    0.120202
     0.256069    0.121434
     0.271056    0.122299
     0.286220    0.122907
     0.301383    0.123126
     0.316783    0.123083
     0.332448    0.122690
     0.348322    0.122027
     0.364415    0.121068
     0.380649    0.119844
     0.396923    0.118361
     0.413172    0.116700
     0.429194    0.114859
     0.444896    0.112836
     0.460648    0.110745
     0.476925    0.108326
     0.493819    0.105685
     0.511177    0.102844
     0.528850    0.099792
     0.546792    0.096591
     0.564955    0.093210
     0.583372    0.089661
     0.601938    0.085980
     0.620599    0.082164
     0.639307    0.078251
     0.657919    0.074306
     0.676298    0.070357
     0.694289    0.066459
     0.711726    0.062652
     0.728412    0.059007
     0.744152    0.055548
     0.758747    0.052352
     0.772111    0.049449
     0.784231    0.046811
     0.795136    0.044459
     0.804967    0.042317
     0.813827    0.038965
     0.822945    0.034687
     0.832959    0.030283
     0.843891    0.025419
     0.855781    0.020172
     0.868440    0.014580
     0.881623    0.008811
     0.894957    0.003007
     0.908052   -0.002651
     0.920554   -0.008036
     0.932224   -0.013021
     0.942919   -0.017575
     0.952611   -0.021672
     0.961341   -0.025344
     0.969179   -0.028646
     0.976224   -0.031610
     0.982577   -0.034280
     0.988323   -0.036702
     0.991860   -0.038196
