     0.999857    0.040803
     0.999122    0.039616
     0.997685    0.038644
     0.995896    0.038316
     0.993779    0.038414
     0.991350    0.038751
     0.988679    0.039052
     0.985880    0.039050
     0.982948    0.038760
     0.979818    0.038315
     0.976325    0.037925
     0.972299    0.037630
     0.967588    0.037315
     0.962067    0.036834
     0.955620    0.036202
     0.948230    0.035453
     0.940002    0.034524
     0.931061    0.033397
     0.921613    0.032091
     0.911859    0.030617
     0.901927    0.028980
     0.891891    0.027191
     0.881812    0.025266
     0.871758    0.023223
     0.861792    0.021075
     0.852012    0.018847
     0.842524    0.016571
     0.833536    0.014312
     0.825215    0.012137
     0.817733    0.010163
     0.811240    0.008235
     0.805513    0.006559
     0.799941    0.005536
     0.793895    0.005046
     0.786926    0.004559
     0.778928    0.003779
     0.770031    0.002875
     0.760497    0.001838
     0.750506    0.000649
     0.740219   -0.000655
     0.729796   -0.002071
     0.719275   -0.003594
     0.708692   -0.005221
     0.698060   -0.006933
     0.687427   -0.008732
     0.676752   -0.010628
     0.666027   -0.012603
     0.655270   -0.014646
     0.644518   -0.016750
     0.633722   -0.018927
     0.622949   -0.021132
     0.612186   -0.023387
     0.601410   -0.025651
     0.590638   -0.027958
     0.579919   -0.030249
     0.569274   -0.032521
     0.558673   -0.034781
     0.548047   -0.037025
     0.537376   -0.039265
     0.526573   -0.041478
     0.515765   -0.043667
     0.505014   -0.045797
     0.494338   -0.047846
     0.483732   -0.049797
     0.473159   -0.051646
     0.462609   -0.053398
     0.452100   -0.055046
     0.441605   -0.056575
     0.431105   -0.058010
     0.420655   -0.059317
     0.410151   -0.060504
     0.399617   -0.061604
     0.389121   -0.062586
     0.378591   -0.063457
     0.368077   -0.064221
     0.357557   -0.064863
     0.347009   -0.065399
     0.336473   -0.065828
     0.325943   -0.066145
     0.315425   -0.066341
     0.304886   -0.066422
     0.294336   -0.066394
     0.283797   -0.066258
     0.273260   -0.066000
     0.262692   -0.065634
     0.252141   -0.065169
     0.241617   -0.064588
     0.231084   -0.063894
     0.220572   -0.063092
     0.210072   -0.062184
     0.199621   -0.061166
     0.189200   -0.060029
     0.178795   -0.058769
     0.168407   -0.057400
     0.158082   -0.055913
     0.147764   -0.054300
     0.137497   -0.052582
     0.127315   -0.050747
     0.117207   -0.048796
     0.107229   -0.046731
     0.097380   -0.044544
     0.087713   -0.042252
     0.078309   -0.039866
     0.069248   -0.037408
     0.060661   -0.034926
     0.052715   -0.032471
     0.045506   -0.030073
     0.039086   -0.027780
     0.033463   -0.025625
     0.028585   -0.023620
     0.024365   -0.021764
     0.020713   -0.020042
     0.017550   -0.018434
     0.014798   -0.016926
     0.012386   -0.015500
     0.010251   -0.014143
     0.008343   -0.012841
     0.006648   -0.011569
     0.005168   -0.010302
     0.003903   -0.009029
     0.002842   -0.007746
     0.001971   -0.006457
     0.001277   -0.005182
     0.000743   -0.003929
     0.000356   -0.002701
     0.000110   -0.001490
     0.000004   -0.000289
     0.000042    0.000915
     0.000219    0.002139
     0.000533    0.003400
     0.000989    0.004712
     0.001595    0.006091
     0.002358    0.007542
     0.003280    0.009060
     0.004374    0.010638
     0.005649    0.012270
     0.007112    0.013957
     0.008774    0.015714
     0.010670    0.017568
     0.012854    0.019546
     0.015383    0.021676
     0.018310    0.023975
     0.021692    0.026449
     0.025593    0.029112
     0.030098    0.031983
     0.035262    0.035062
     0.041104    0.038316
     0.047612    0.041697
     0.054754    0.045153
     0.062449    0.048640
     0.070582    0.052091
     0.079077    0.055459
     0.087867    0.058720
     0.096896    0.061852
     0.106152    0.064863
     0.115528    0.067739
     0.125023    0.070453
     0.134615    0.073013
     0.144323    0.075413
     0.154154    0.077705
     0.163880    0.079828
     0.173707    0.081740
     0.183623    0.083602
     0.193551    0.085291
     0.203545    0.086836
     0.213643    0.088221
     0.223789    0.089549
     0.233859    0.090704
     0.243999    0.091703
     0.254155    0.092545
     0.264447    0.093226
     0.274804    0.093827
     0.285152    0.094268
     0.295549    0.094624
     0.305815    0.094823
     0.316192    0.094849
     0.326598    0.094796
     0.336946    0.094582
     0.347380    0.094277
     0.357548    0.093917
     0.367438    0.093401
     0.377202    0.092903
     0.386877    0.092268
     0.396622    0.091619
     0.406430    0.090845
     0.416534    0.090000
     0.426848    0.089105
     0.437330    0.088094
     0.447911    0.086986
     0.458549    0.085857
     0.469089    0.084687
     0.479539    0.083419
     0.489942    0.082156
     0.500298    0.080819
     0.510750    0.079492
     0.521387    0.078074
     0.532224    0.076580
     0.543166    0.075020
     0.554189    0.073430
     0.565174    0.071814
     0.576155    0.070160
     0.587070    0.068484
     0.597994    0.066768
     0.608922    0.065028
     0.619894    0.063238
     0.630847    0.061420
     0.641800    0.059607
     0.652773    0.057768
     0.663757    0.055913
     0.674699    0.054046
     0.685645    0.052197
     0.696658    0.050301
     0.707697    0.048395
     0.718645    0.046521
     0.729485    0.044659
     0.740246    0.042796
     0.750831    0.040981
     0.761008    0.039230
     0.770541    0.037601
     0.779190    0.036135
     0.786748    0.034841
     0.793188    0.033748
     0.798635    0.032855
     0.803449    0.032512
     0.808702    0.032883
     0.814703    0.033060
     0.821618    0.033386
     0.829627    0.033766
     0.838675    0.034174
     0.848591    0.034636
     0.859106    0.035119
     0.869936    0.035620
     0.880889    0.036154
     0.891890    0.036691
     0.902896    0.037241
     0.913881    0.037792
     0.924756    0.038346
     0.935378    0.038883
     0.945515    0.039381
     0.954894    0.039844
     0.963254    0.040261
     0.970456    0.040625
     0.976536    0.040933
     0.981658    0.041182
     0.986001    0.041380
     0.989703    0.041539
     0.992888    0.041669
     0.995665    0.041776
     0.998123    0.041867
     0.999619    0.041921
