     0.998680    0.050297
     0.997881    0.049435
     0.996346    0.048551
     0.994295    0.048158
     0.991508    0.048231
     0.987582    0.048531
     0.982332    0.048183
     0.976536    0.047338
     0.970379    0.046717
     0.963612    0.046062
     0.956517    0.045247
     0.949396    0.044402
     0.942335    0.043517
     0.935275    0.042567
     0.928200    0.041559
     0.921128    0.040501
     0.914068    0.039394
     0.907016    0.038237
     0.899967    0.037030
     0.892920    0.035776
     0.885877    0.034477
     0.878841    0.033136
     0.871816    0.031753
     0.864798    0.030326
     0.857791    0.028857
     0.850799    0.027344
     0.843809    0.025784
     0.836841    0.024184
     0.829862    0.022539
     0.822852    0.020842
     0.816161    0.019179
     0.809542    0.017515
     0.803333    0.015894
     0.798865    0.014949
     0.794876    0.014930
     0.789634    0.015196
     0.782788    0.015109
     0.775980    0.014957
     0.769006    0.014851
     0.761843    0.014685
     0.754672    0.014472
     0.747489    0.014228
     0.740315    0.013952
     0.733153    0.013639
     0.725984    0.013288
     0.718818    0.012903
     0.711651    0.012480
     0.704475    0.012026
     0.697307    0.011543
     0.690150    0.011025
     0.682991    0.010472
     0.675824    0.009887
     0.668654    0.009274
     0.661483    0.008636
     0.654310    0.007974
     0.647156    0.007288
     0.639994    0.006572
     0.632804    0.005836
     0.625647    0.005088
     0.618499    0.004311
     0.611319    0.003520
     0.604157    0.002724
     0.597007    0.001905
     0.589838    0.001065
     0.582665    0.000222
     0.575512   -0.000616
     0.568377   -0.001472
     0.561235   -0.002332
     0.554095   -0.003182
     0.546963   -0.004048
     0.539822   -0.004914
     0.532655   -0.005768
     0.525471   -0.006624
     0.518284   -0.007481
     0.511102   -0.008332
     0.503924   -0.009172
     0.496753   -0.010000
     0.489591   -0.010809
     0.482430   -0.011596
     0.475267   -0.012361
     0.468100   -0.013105
     0.460928   -0.013828
     0.453764   -0.014529
     0.446612   -0.015200
     0.439437   -0.015843
     0.432252   -0.016470
     0.425099   -0.017067
     0.417949   -0.017627
     0.410768   -0.018157
     0.403566   -0.018670
     0.396391   -0.019163
     0.389226   -0.019621
     0.382034   -0.020054
     0.374841   -0.020465
     0.367662   -0.020850
     0.360479   -0.021206
     0.353281   -0.021538
     0.346081   -0.021850
     0.338889   -0.022138
     0.331693   -0.022402
     0.324500   -0.022641
     0.317316   -0.022852
     0.310126   -0.023033
     0.302929   -0.023188
     0.295729   -0.023319
     0.288534   -0.023426
     0.281344   -0.023504
     0.274154   -0.023554
     0.266953   -0.023577
     0.259743   -0.023579
     0.252542   -0.023560
     0.245353   -0.023514
     0.238157   -0.023440
     0.230953   -0.023343
     0.223756   -0.023222
     0.216554   -0.023077
     0.209350   -0.022911
     0.202158   -0.022721
     0.194968   -0.022504
     0.187780   -0.022259
     0.180592   -0.021986
     0.173389   -0.021688
     0.166196   -0.021371
     0.159024   -0.021025
     0.151838   -0.020647
     0.144639   -0.020247
     0.137451   -0.019826
     0.130276   -0.019379
     0.123094   -0.018904
     0.115912   -0.018404
     0.108749   -0.017877
     0.101585   -0.017318
     0.094417   -0.016728
     0.087256   -0.016110
     0.080105   -0.015461
     0.072962   -0.014777
     0.065818   -0.014057
     0.058680   -0.013304
     0.051585   -0.012511
     0.044523   -0.011660
     0.037471   -0.010741
     0.030528   -0.009746
     0.023683   -0.008658
     0.016809   -0.007377
     0.011533   -0.006181
     0.006159   -0.004809
     0.002614   -0.003173
     0.001286   -0.002186
     0.000558   -0.001415
     0.000152   -0.000728
     0.000001   -0.000069
     0.000100    0.000604
     0.000453    0.001337
     0.001134    0.002206
     0.002469    0.003436
     0.006484    0.006014
     0.011091    0.008278
     0.016317    0.010665
     0.022858    0.013334
     0.029213    0.015724
     0.035758    0.018017
     0.042408    0.020194
     0.049101    0.022258
     0.055860    0.024224
     0.062679    0.026109
     0.069527    0.027915
     0.076396    0.029642
     0.083295    0.031293
     0.090225    0.032877
     0.097168    0.034392
     0.104149    0.035847
     0.111159    0.037256
     0.118154    0.038605
     0.125163    0.039892
     0.132191    0.041125
     0.139214    0.042295
     0.146263    0.043408
     0.153367    0.044485
     0.160457    0.045525
     0.167450    0.046487
     0.174495    0.047370
     0.181616    0.048248
     0.188681    0.049087
     0.195775    0.049866
     0.202890    0.050600
     0.209970    0.051271
     0.217111    0.051902
     0.224255    0.052530
     0.231342    0.053106
     0.238456    0.053622
     0.245603    0.054091
     0.252729    0.054508
     0.259842    0.054868
     0.267026    0.055180
     0.274220    0.055476
     0.281342    0.055725
     0.288524    0.055927
     0.295734    0.056113
     0.302864    0.056256
     0.309975    0.056337
     0.317151    0.056365
     0.324353    0.056379
     0.331480    0.056360
     0.338631    0.056282
     0.345860    0.056183
     0.353083    0.056080
     0.360203    0.055950
     0.367273    0.055755
     0.374362    0.055568
     0.381407    0.055384
     0.388456    0.055130
     0.395540    0.054886
     0.402586    0.054636
     0.409656    0.054318
     0.416795    0.054006
     0.423953    0.053697
     0.431131    0.053355
     0.438321    0.052985
     0.445503    0.052591
     0.452691    0.052184
     0.459887    0.051786
     0.467069    0.051378
     0.474220    0.050938
     0.481369    0.050470
     0.488516    0.050016
     0.495635    0.049548
     0.502752    0.049054
     0.509879    0.048586
     0.517019    0.048105
     0.524214    0.047591
     0.531420    0.047070
     0.538607    0.046534
     0.545815    0.045987
     0.553034    0.045441
     0.560238    0.044889
     0.567432    0.044325
     0.574638    0.043752
     0.581829    0.043178
     0.589003    0.042587
     0.596195    0.041985
     0.603382    0.041385
     0.610568    0.040768
     0.617776    0.040139
     0.624972    0.039502
     0.632158    0.038856
     0.639342    0.038217
     0.646524    0.037577
     0.653719    0.036923
     0.660921    0.036267
     0.668107    0.035604
     0.675288    0.034939
     0.682464    0.034283
     0.689644    0.033617
     0.696846    0.032936
     0.704058    0.032251
     0.711262    0.031565
     0.718451    0.030887
     0.725621    0.030209
     0.732794    0.029514
     0.739990    0.028815
     0.747198    0.028120
     0.754399    0.027422
     0.761550    0.026718
     0.768691    0.026026
     0.775825    0.025324
     0.782419    0.024642
     0.788974    0.024101
     0.795308    0.023392
     0.799147    0.022918
     0.803192    0.023511
     0.809498    0.024509
     0.816557    0.025680
     0.823592    0.026830
     0.830728    0.027986
     0.837870    0.029139
     0.845003    0.030282
     0.852139    0.031414
     0.859275    0.032534
     0.866422    0.033646
     0.873578    0.034755
     0.880725    0.035862
     0.887851    0.036957
     0.894990    0.038039
     0.902131    0.039120
     0.909256    0.040187
     0.916395    0.041237
     0.923538    0.042273
     0.930657    0.043282
     0.937766    0.044258
     0.944892    0.045201
     0.952017    0.046113
     0.959137    0.046993
     0.966316    0.047848
     0.973317    0.048654
     0.980252    0.049410
     0.987067    0.050101
     0.991982    0.050565
     0.995034    0.050840
     0.997244    0.051032
     0.998456    0.051135
