     0.991377   -0.041464
     0.989242   -0.043329
     0.986159   -0.043244
     0.982944   -0.041431
     0.979494   -0.039220
     0.975837   -0.037711
     0.972016   -0.036732
     0.968028   -0.035674
     0.963800   -0.034217
     0.959217   -0.032551
     0.954182   -0.030898
     0.948643   -0.029179
     0.942555   -0.027281
     0.935840   -0.025259
     0.928416   -0.023141
     0.920239   -0.020914
     0.911307   -0.018609
     0.901646   -0.016279
     0.891343   -0.013978
     0.880553   -0.011756
     0.869494   -0.009669
     0.858424   -0.007762
     0.847608   -0.006067
     0.837278   -0.004607
     0.827580   -0.003370
     0.818653   -0.002315
     0.810497   -0.001550
     0.802986   -0.000670
     0.795783   -0.001197
     0.787969   -0.002278
     0.779311   -0.003599
     0.769654   -0.005199
     0.758994   -0.007076
     0.747311   -0.009297
     0.734644   -0.011861
     0.721087   -0.014801
     0.706751   -0.018101
     0.691750   -0.021752
     0.676206   -0.025736
     0.660166   -0.030028
     0.643718   -0.034590
     0.626897   -0.039381
     0.609788   -0.044337
     0.592530   -0.049371
     0.575293   -0.054389
     0.558208   -0.059304
     0.541326   -0.064053
     0.524711   -0.068581
     0.508362   -0.072880
     0.492326   -0.076894
     0.476532   -0.080584
     0.460934   -0.083955
     0.445502   -0.086999
     0.430162   -0.089717
     0.414938   -0.092096
     0.399686   -0.094167
     0.384536   -0.095926
     0.369368   -0.097378
     0.354219   -0.098513
     0.339108   -0.099337
     0.324013   -0.099824
     0.308917   -0.100009
     0.293857   -0.099868
     0.278829   -0.099442
     0.263860   -0.098660
     0.248955   -0.097614
     0.234170   -0.096243
     0.219513   -0.094570
     0.205015   -0.092601
     0.190733   -0.090347
     0.176716   -0.087811
     0.163011   -0.085002
     0.149669   -0.081941
     0.136777   -0.078694
     0.124444   -0.075296
     0.112764   -0.071786
     0.101803   -0.068216
     0.091619   -0.064643
     0.082240   -0.061115
     0.073667   -0.057672
     0.065872   -0.054341
     0.058807   -0.051143
     0.052417   -0.048087
     0.046641   -0.045163
     0.041412   -0.042364
     0.036671   -0.039684
     0.032364   -0.037111
     0.028442   -0.034636
     0.024861   -0.032248
     0.021586   -0.029939
     0.018592   -0.027694
     0.015861   -0.025501
     0.013371   -0.023349
     0.011099   -0.021231
     0.009024   -0.019138
     0.007130   -0.017061
     0.005434   -0.014986
     0.003962   -0.012900
     0.002731   -0.010800
     0.001747   -0.008686
     0.001001   -0.006580
     0.000470   -0.004499
     0.000141   -0.002446
     0.000005   -0.000415
     0.000058    0.001609
     0.000291    0.003647
     0.000692    0.005720
     0.001257    0.007843
     0.001979    0.010023
     0.002849    0.012256
     0.003871    0.014535
     0.005054    0.016854
     0.006406    0.019209
     0.007939    0.021604
     0.009665    0.024046
     0.011595    0.026547
     0.013737    0.029116
     0.016101    0.031758
     0.018708    0.034477
     0.021579    0.037279
     0.024744    0.040171
     0.028235    0.043162
     0.032084    0.046262
     0.036330    0.049480
     0.041015    0.052823
     0.046186    0.056293
     0.051898    0.059892
     0.058200    0.063623
     0.065137    0.067477
     0.072751    0.071437
     0.081075    0.075475
     0.090124    0.079558
     0.099904    0.083646
     0.110361    0.087711
     0.121476    0.091669
     0.133155    0.095488
     0.145417    0.099115
     0.158099    0.102547
     0.171214    0.105704
     0.184637    0.108627
     0.198340    0.111229
     0.212321    0.113509
     0.226469    0.115536
     0.240789    0.117183
     0.255285    0.118505
     0.269994    0.119495
     0.284874    0.120187
     0.299808    0.120592
     0.314946    0.120616
     0.330217    0.120344
     0.345701    0.119773
     0.361302    0.118907
     0.377063    0.117806
     0.392878    0.116446
     0.408691    0.114850
     0.424544    0.113100
     0.440353    0.111139
     0.456150    0.109009
     0.472212    0.106676
     0.488669    0.104123
     0.505342    0.101406
     0.522216    0.098545
     0.539315    0.095483
     0.556585    0.092315
     0.573990    0.088989
     0.591483    0.085546
     0.609016    0.081999
     0.626558    0.078343
     0.644089    0.074643
     0.661555    0.070903
     0.678834    0.067171
     0.695866    0.063464
     0.712494    0.059825
     0.728472    0.056342
     0.743625    0.053020
     0.757721    0.049951
     0.770581    0.047164
     0.782141    0.044687
     0.792455    0.042430
     0.801796    0.040676
     0.810401    0.037736
     0.819453    0.033676
     0.829565    0.029235
     0.840783    0.024298
     0.853070    0.018933
     0.866163    0.013220
     0.879716    0.007364
     0.893339    0.001519
     0.906629   -0.004134
     0.919224   -0.009465
     0.930871   -0.014346
     0.941407   -0.018744
     0.950812   -0.022633
     0.959163   -0.026054
     0.966563   -0.029067
     0.973131   -0.031734
     0.978980   -0.034112
     0.984215   -0.036248
     0.988928   -0.038179
     0.991822   -0.039369
