     0.989705   -0.047002
     0.985774   -0.046213
     0.980053   -0.044462
     0.974412   -0.042106
     0.968560   -0.039636
     0.962275   -0.037375
     0.955601   -0.035058
     0.948568   -0.032663
     0.941109   -0.030312
     0.933234   -0.027968
     0.924983   -0.025663
     0.916381   -0.023439
     0.907481   -0.021316
     0.898356   -0.019323
     0.889081   -0.017498
     0.879740   -0.015853
     0.870430   -0.014402
     0.861240   -0.013142
     0.852263   -0.012065
     0.843572   -0.011163
     0.835234   -0.010421
     0.827277   -0.009834
     0.819724   -0.009341
     0.812623   -0.008987
     0.805918   -0.008753
     0.799492   -0.009251
     0.792775   -0.010582
     0.785528   -0.012177
     0.777678   -0.013984
     0.769184   -0.016049
     0.759960   -0.018426
     0.749929   -0.021151
     0.739009   -0.024269
     0.727132   -0.027829
     0.714220   -0.031890
     0.700210   -0.036496
     0.685056   -0.041687
     0.668719   -0.047477
     0.651225   -0.053848
     0.632701   -0.060725
     0.613425   -0.067933
     0.593804   -0.075227
     0.574258   -0.082374
     0.555027   -0.089222
     0.536217   -0.095662
     0.517840   -0.101675
     0.499873   -0.107222
     0.482316   -0.112315
     0.465082   -0.116939
     0.448151   -0.121125
     0.431483   -0.124873
     0.415043   -0.128190
     0.398820   -0.131072
     0.382767   -0.133574
     0.366937   -0.135638
     0.351277   -0.137317
     0.335809   -0.138615
     0.320560   -0.139506
     0.305500   -0.140006
     0.290671   -0.140161
     0.276102   -0.139923
     0.261791   -0.139355
     0.247788   -0.138405
     0.234092   -0.137145
     0.220743   -0.135549
     0.207758   -0.133644
     0.195154   -0.131439
     0.182948   -0.128959
     0.171167   -0.126231
     0.159826   -0.123264
     0.148941   -0.120082
     0.138515   -0.116706
     0.128554   -0.113176
     0.119073   -0.109524
     0.110076   -0.105769
     0.101561   -0.101939
     0.093523   -0.098057
     0.085951   -0.094150
     0.078832   -0.090240
     0.072155   -0.086343
     0.065901   -0.082469
     0.060046   -0.078636
     0.054575   -0.074852
     0.049469   -0.071115
     0.044701   -0.067435
     0.040252   -0.063816
     0.036102   -0.060261
     0.032237   -0.056766
     0.028640   -0.053329
     0.025299   -0.049945
     0.022199   -0.046612
     0.019327   -0.043325
     0.016671   -0.040083
     0.014220   -0.036885
     0.011971   -0.033726
     0.009926   -0.030599
     0.008082   -0.027498
     0.006431   -0.024423
     0.004962   -0.021373
     0.003668   -0.018348
     0.002557   -0.015347
     0.001645   -0.012373
     0.000944   -0.009432
     0.000449   -0.006534
     0.000143   -0.003682
     0.000008   -0.000869
     0.000036    0.001924
     0.000216    0.004726
     0.000543    0.007558
     0.001013    0.010435
     0.001624    0.013359
     0.002381    0.016326
     0.003296    0.019333
     0.004379    0.022375
     0.005638    0.025451
     0.007074    0.028563
     0.008684    0.031714
     0.010468    0.034903
     0.012433    0.038132
     0.014584    0.041399
     0.016931    0.044705
     0.019483    0.048050
     0.022250    0.051432
     0.025244    0.054852
     0.028475    0.058313
     0.031953    0.061815
     0.035693    0.065357
     0.039708    0.068939
     0.044016    0.072559
     0.048632    0.076215
     0.053572    0.079905
     0.058855    0.083623
     0.064503    0.087357
     0.070534    0.091102
     0.076966    0.094851
     0.083815    0.098591
     0.091097    0.102305
     0.098832    0.105972
     0.107034    0.109579
     0.115704    0.113107
     0.124869    0.116509
     0.134532    0.119801
     0.144694    0.122923
     0.155367    0.125899
     0.166521    0.128664
     0.178191    0.131201
     0.190361    0.133498
     0.203040    0.135524
     0.216233    0.137265
     0.229961    0.138701
     0.244209    0.139863
     0.258973    0.140678
     0.274268    0.141191
     0.290050    0.141352
     0.306383    0.141169
     0.323227    0.140626
     0.340584    0.139747
     0.358463    0.138510
     0.376833    0.136924
     0.395697    0.134986
     0.415028    0.132711
     0.434810    0.130112
     0.455033    0.127193
     0.475649    0.123945
     0.496685    0.120397
     0.518102    0.116552
     0.539880    0.112459
     0.561888    0.108146
     0.584089    0.103617
     0.606380    0.098918
     0.628637    0.094083
     0.650686    0.089183
     0.672276    0.084282
     0.693123    0.079465
     0.712894    0.074842
     0.731324    0.070481
     0.748246    0.066446
     0.763586    0.062774
     0.777371    0.059467
     0.789707    0.056505
     0.800805    0.053842
     0.810811    0.051190
     0.820383    0.046732
     0.830837    0.041767
     0.842251    0.036322
     0.854613    0.030446
     0.867717    0.024224
     0.881254    0.017828
     0.894818    0.011445
     0.908005    0.005272
     0.920488   -0.000546
     0.932078   -0.005903
     0.942701   -0.010796
     0.952361   -0.015224
     0.961118   -0.019226
     0.969047   -0.022867
     0.976249   -0.026179
     0.982812   -0.029197
     0.988811   -0.031966
     0.992535   -0.033690
