     0.998433    0.051105
     0.994153    0.051218
     0.987254    0.051387
     0.979702    0.051559
     0.971414    0.051742
     0.962308    0.051933
     0.952310    0.052131
     0.941378    0.052367
     0.929534    0.052644
     0.916916    0.052963
     0.903757    0.053336
     0.890410    0.053744
     0.877270    0.054168
     0.864701    0.054587
     0.852947    0.054993
     0.842125    0.055377
     0.832254    0.055741
     0.823274    0.056059
     0.815102    0.056356
     0.807606    0.056631
     0.800624    0.057760
     0.793343    0.059692
     0.785377    0.061599
     0.776574    0.063831
     0.766708    0.066292
     0.755597    0.069061
     0.743047    0.072175
     0.728878    0.075675
     0.712967    0.079568
     0.695256    0.083851
     0.675801    0.088496
     0.654878    0.093405
     0.632817    0.098470
     0.609996    0.103587
     0.586768    0.108645
     0.563429    0.113569
     0.540185    0.118273
     0.517203    0.122741
     0.494630    0.126925
     0.472554    0.130769
     0.451009    0.134246
     0.429992    0.137372
     0.409527    0.140128
     0.389666    0.142515
     0.370391    0.144511
     0.351726    0.146139
     0.333686    0.147392
     0.316261    0.148276
     0.299487    0.148803
     0.283352    0.148971
     0.267830    0.148790
     0.252918    0.148268
     0.238589    0.147434
     0.224843    0.146287
     0.211662    0.144853
     0.199031    0.143129
     0.186924    0.141141
     0.175329    0.138892
     0.164223    0.136408
     0.153595    0.133698
     0.143432    0.130797
     0.133728    0.127712
     0.124473    0.124472
     0.115662    0.121087
     0.107280    0.117584
     0.099328    0.113976
     0.091785    0.110273
     0.084640    0.106509
     0.077889    0.102687
     0.071512    0.098824
     0.065497    0.094940
     0.059833    0.091043
     0.054510    0.087140
     0.049513    0.083236
     0.044824    0.079340
     0.040431    0.075462
     0.036321    0.071604
     0.032482    0.067771
     0.028902    0.063965
     0.025574    0.060187
     0.022487    0.056436
     0.019633    0.052712
     0.017000    0.049018
     0.014579    0.045356
     0.012363    0.041727
     0.010344    0.038131
     0.008519    0.034570
     0.006882    0.031042
     0.005431    0.027551
     0.004163    0.024098
     0.003074    0.020679
     0.002160    0.017295
     0.001414    0.013948
     0.000831    0.010649
     0.000406    0.007411
     0.000134    0.004237
     0.000009    0.001115
     0.000030   -0.001977
     0.000197   -0.005068
     0.000517   -0.008176
     0.001000   -0.011315
     0.001655   -0.014489
     0.002484   -0.017701
     0.003488   -0.020951
     0.004669   -0.024237
     0.006029   -0.027556
     0.007576   -0.030905
     0.009313   -0.034283
     0.011246   -0.037694
     0.013376   -0.041141
     0.015706   -0.044627
     0.018242   -0.048153
     0.020993   -0.051721
     0.023967   -0.055332
     0.027175   -0.058988
     0.030629   -0.062691
     0.034338   -0.066445
     0.038313   -0.070252
     0.042566   -0.074109
     0.047115   -0.078013
     0.051976   -0.081956
     0.057168   -0.085934
     0.062701   -0.089947
     0.068589   -0.093982
     0.074852   -0.098024
     0.081501   -0.102067
     0.088542   -0.106093
     0.095993   -0.110080
     0.103856   -0.114016
     0.112137   -0.117871
     0.120846   -0.121623
     0.129981   -0.125259
     0.139536   -0.128750
     0.149519   -0.132067
     0.159922   -0.135204
     0.170727   -0.138130
     0.181948   -0.140813
     0.193571   -0.143254
     0.205586   -0.145426
     0.217984   -0.147316
     0.230750   -0.148912
     0.243869   -0.150191
     0.257326   -0.151141
     0.271121   -0.151754
     0.285207   -0.152024
     0.299588   -0.151921
     0.314253   -0.151449
     0.329175   -0.150603
     0.344344   -0.149364
     0.359752   -0.147728
     0.375394   -0.145687
     0.391283   -0.143221
     0.407410   -0.140339
     0.423802   -0.137021
     0.440467   -0.133250
     0.457436   -0.129029
     0.474747   -0.124335
     0.492429   -0.119139
     0.510584   -0.113426
     0.529237   -0.107187
     0.548472   -0.100413
     0.568332   -0.093099
     0.588770   -0.085311
     0.609645   -0.077180
     0.630543   -0.068941
     0.650907   -0.060947
     0.670270   -0.053460
     0.688424   -0.046625
     0.705348   -0.040495
     0.721082   -0.035038
     0.735695   -0.030220
     0.749247   -0.025983
     0.761785   -0.022277
     0.773377   -0.019055
     0.784104   -0.016273
     0.794031   -0.013885
     0.803268   -0.011830
     0.811728   -0.009717
     0.819561   -0.006427
     0.827760   -0.002873
     0.836505    0.000604
     0.845633    0.004121
     0.855120    0.007564
     0.864890    0.010906
     0.874859    0.014091
     0.884938    0.017076
     0.895047    0.019819
     0.905110    0.022296
     0.915062    0.024492
     0.924828    0.026424
     0.934343    0.028082
     0.943566    0.029473
     0.952454    0.030629
     0.960968    0.031549
     0.969112    0.032232
     0.976880    0.032710
     0.984276    0.032996
     0.991315    0.033140
     0.997989    0.033209
     1.002234    0.033224
