     1.000000   -0.007522
     0.989885   -0.006235
     0.979124   -0.004196
     0.968430   -0.002620
     0.957652   -0.001286
     0.946845   -0.000261
     0.936017    0.000512
     0.925160    0.001019
     0.914292    0.001263
     0.903423    0.001256
     0.892553    0.000980
     0.881680    0.000445
     0.870824   -0.000339
     0.859986   -0.001354
     0.849165   -0.002589
     0.838361   -0.004037
     0.827594   -0.005687
     0.816843   -0.007531
     0.806130   -0.009571
     0.795453   -0.011789
     0.784804   -0.014204
     0.774211   -0.016805
     0.763646   -0.019586
     0.753129   -0.022520
     0.742640   -0.025597
     0.732191   -0.028797
     0.721780   -0.032120
     0.711399   -0.035556
     0.701056   -0.039090
     0.690735   -0.042713
     0.680441   -0.046424
     0.670169   -0.050190
     0.659917   -0.054021
     0.649667   -0.057886
     0.639438   -0.061788
     0.629210   -0.065703
     0.618983   -0.069631
     0.608757   -0.073553
     0.598524   -0.077451
     0.588273   -0.081334
     0.578001   -0.085177
     0.567724   -0.088970
     0.557419   -0.092707
     0.547094   -0.096385
     0.536731   -0.099977
     0.526340   -0.103493
     0.515932   -0.106915
     0.505474   -0.110229
     0.494989   -0.113449
     0.484475   -0.116551
     0.473911   -0.119523
     0.463320   -0.122363
     0.452700   -0.125073
     0.442031   -0.127638
     0.431342   -0.130061
     0.420605   -0.132327
     0.409849   -0.134439
     0.399052   -0.136384
     0.388237   -0.138156
     0.377395   -0.139784
     0.366531   -0.141208
     0.355640   -0.142465
     0.344728   -0.143534
     0.333808   -0.144425
     0.322878   -0.145116
     0.311928   -0.145607
     0.300978   -0.145902
     0.290029   -0.146004
     0.279079   -0.145888
     0.268139   -0.145551
     0.257208   -0.145018
     0.246286   -0.144239
     0.235392   -0.143243
     0.224526   -0.142005
     0.213688   -0.140525
     0.202897   -0.138797
     0.192153   -0.136808
     0.181453   -0.134554
     0.170829   -0.132035
     0.160277   -0.129226
     0.149819   -0.126136
     0.139444   -0.122744
     0.129189   -0.119051
     0.119043   -0.115057
     0.109036   -0.110749
     0.099183   -0.106121
     0.089488   -0.101163
     0.079985   -0.095874
     0.070685   -0.090251
     0.061623   -0.084273
     0.052809   -0.077931
     0.044308   -0.071204
     0.036145   -0.064074
     0.028386   -0.056517
     0.021146   -0.048490
     0.014545   -0.039937
     0.008778   -0.030814
     0.004167   -0.021057
     0.001063   -0.010727
     0.000000    0.000053
     0.000979    0.010855
     0.003638    0.021354
     0.007753    0.031351
     0.012991    0.040795
     0.019118    0.049694
     0.025962    0.058035
     0.033403    0.065858
     0.041316    0.073184
     0.049635    0.080055
     0.058290    0.086487
     0.067244    0.092493
     0.076450    0.098102
     0.085879    0.103335
     0.095493    0.108184
     0.105285    0.112685
     0.115222    0.116832
     0.125304    0.120638
     0.135483    0.124123
     0.145768    0.127289
     0.156142    0.130171
     0.166583    0.132752
     0.177089    0.135049
     0.187652    0.137080
     0.198252    0.138843
     0.208890    0.140363
     0.219556    0.141640
     0.230242    0.142696
     0.240946    0.143557
     0.251670    0.144207
     0.262384    0.144677
     0.273117    0.144975
     0.283841    0.145102
     0.294566    0.145058
     0.305290    0.144875
     0.316015    0.144541
     0.326720    0.144078
     0.337425    0.143497
     0.348121    0.142787
     0.358807    0.141974
     0.369483    0.141047
     0.380149    0.140024
     0.390805    0.138902
     0.401453    0.137696
     0.412080    0.136392
     0.422708    0.135017
     0.433316    0.133563
     0.443914    0.132034
     0.454513    0.130441
     0.465091    0.128778
     0.475660    0.127050
     0.486219    0.125255
     0.496769    0.123419
     0.507309    0.121514
     0.517838    0.119568
     0.528368    0.117579
     0.538879    0.115551
     0.549390    0.113488
     0.559900    0.111380
     0.570390    0.109235
     0.580881    0.107052
     0.591372    0.104838
     0.601843    0.102594
     0.612324    0.100319
     0.622785    0.098015
     0.633256    0.095681
     0.643718    0.093329
     0.654170    0.090947
     0.664622    0.088547
     0.675075    0.086119
     0.685518    0.083672
     0.695972    0.081208
     0.706415    0.078732
     0.716850    0.076231
     0.727294    0.073720
     0.737729    0.071191
     0.748175    0.068654
     0.758611    0.066108
     0.769058    0.063557
     0.779504    0.060996
     0.789951    0.058433
     0.800399    0.055875
     0.810847    0.053307
     0.821305    0.050735
     0.831763    0.048167
     0.842222    0.045605
     0.852691    0.043044
     0.863169    0.040489
     0.873648    0.037947
     0.884137    0.035415
     0.894626    0.032895
     0.905135    0.030386
     0.915643    0.027893
     0.926161    0.025419
     0.936688    0.022974
     0.947225    0.020538
     0.957772    0.018121
     0.968328    0.015713
     0.978885    0.013283
     0.989442    0.010847
     1.000000    0.008387
