     1.000000   -0.003045
     0.996560   -0.004021
     0.991574   -0.004386
     0.986637   -0.003634
     0.981589   -0.002440
     0.976296   -0.001570
     0.970703   -0.000994
     0.964796   -0.000294
     0.958528    0.000493
     0.951828    0.001181
     0.944654    0.001814
     0.936997    0.002405
     0.928830    0.002901
     0.920126    0.003291
     0.910878    0.003547
     0.901075    0.003627
     0.890712    0.003503
     0.879795    0.003148
     0.868331    0.002537
     0.856348    0.001657
     0.843880    0.000485
     0.830967   -0.000989
     0.817663   -0.002786
     0.804008   -0.004928
     0.790036   -0.007434
     0.775753   -0.010336
     0.761146   -0.013641
     0.746187   -0.017363
     0.730858   -0.021477
     0.715139   -0.026001
     0.699018   -0.030912
     0.682466   -0.036216
     0.665485   -0.041880
     0.648087   -0.047861
     0.630320   -0.054095
     0.612344   -0.060454
     0.594387   -0.066798
     0.576592   -0.072993
     0.559061   -0.078987
     0.541822   -0.084680
     0.524879   -0.090069
     0.508244   -0.095101
     0.491905   -0.099800
     0.475815   -0.104109
     0.459948   -0.108071
     0.444283   -0.111664
     0.428784   -0.114885
     0.413442   -0.117768
     0.398199   -0.120248
     0.383100   -0.122471
     0.368112   -0.124262
     0.353241   -0.125744
     0.338502   -0.126916
     0.323913   -0.127706
     0.309430   -0.128145
     0.295107   -0.128308
     0.280969   -0.128102
     0.267024   -0.127627
     0.253316   -0.126767
     0.239836   -0.125662
     0.226650   -0.124236
     0.213764   -0.122523
     0.201206   -0.120527
     0.188997   -0.118279
     0.177171   -0.115805
     0.165765   -0.113120
     0.154802   -0.110223
     0.144283   -0.107139
     0.134219   -0.103928
     0.124640   -0.100616
     0.115551   -0.097219
     0.106959   -0.093771
     0.098858   -0.090279
     0.091232   -0.086783
     0.084071   -0.083302
     0.077362   -0.079847
     0.071081   -0.076427
     0.065204   -0.073059
     0.059712   -0.069749
     0.054582   -0.066494
     0.049787   -0.063301
     0.045303   -0.060177
     0.041111   -0.057119
     0.037193   -0.054125
     0.033532   -0.051190
     0.030111   -0.048310
     0.026917   -0.045482
     0.023936   -0.042700
     0.021153   -0.039963
     0.018557   -0.037269
     0.016135   -0.034617
     0.013890   -0.031997
     0.011823   -0.029402
     0.009931   -0.026826
     0.008205   -0.024268
     0.006633   -0.021728
     0.005206   -0.019204
     0.003926   -0.016694
     0.002815   -0.014196
     0.001888   -0.011711
     0.001159   -0.009246
     0.000623   -0.006811
     0.000262   -0.004413
     0.000058   -0.002050
     0.000001    0.000295
     0.000084    0.002642
     0.000302    0.005019
     0.000650    0.007447
     0.001127    0.009937
     0.001730    0.012487
     0.002462    0.015085
     0.003330    0.017716
     0.004346    0.020369
     0.005518    0.023040
     0.006853    0.025736
     0.008348    0.028462
     0.010001    0.031225
     0.011810    0.034024
     0.013780    0.036859
     0.015919    0.039729
     0.018235    0.042635
     0.020739    0.045576
     0.023443    0.048553
     0.026358    0.051566
     0.029494    0.054619
     0.032858    0.057718
     0.036465    0.060862
     0.040331    0.064050
     0.044475    0.067280
     0.048914    0.070553
     0.053667    0.073867
     0.058750    0.077224
     0.064187    0.080617
     0.069998    0.084036
     0.076206    0.087474
     0.082830    0.090925
     0.089889    0.094378
     0.097396    0.097816
     0.105372    0.101210
     0.113833    0.104563
     0.122757    0.107847
     0.132202    0.110989
     0.142123    0.114055
     0.152556    0.116929
     0.163447    0.119715
     0.174794    0.122246
     0.186608    0.124580
     0.198850    0.126680
     0.211517    0.128520
     0.224601    0.130079
     0.238112    0.131368
     0.251972    0.132413
     0.266204    0.133118
     0.280779    0.133594
     0.295621    0.133717
     0.310819    0.133586
     0.326350    0.133130
     0.342191    0.132408
     0.358361    0.131386
     0.374783    0.130096
     0.391423    0.128537
     0.408309    0.126752
     0.425497    0.124706
     0.443019    0.122391
     0.460870    0.119873
     0.479008    0.117075
     0.497414    0.114074
     0.516033    0.110861
     0.534849    0.107457
     0.553879    0.103918
     0.573159    0.100157
     0.592669    0.096245
     0.612369    0.092168
     0.632243    0.087944
     0.652266    0.083611
     0.672383    0.079176
     0.692535    0.074668
     0.712649    0.070120
     0.732630    0.065559
     0.752393    0.061019
     0.771926    0.056534
     0.791203    0.052091
     0.810114    0.047754
     0.828558    0.043533
     0.846449    0.039464
     0.863611    0.035570
     0.879870    0.031919
     0.895074    0.028535
     0.909134    0.025440
     0.922005    0.022618
     0.933716    0.020085
     0.944351    0.017798
     0.953999    0.015737
     0.962763    0.013879
     0.970733    0.012179
     0.978006    0.010614
     0.984672    0.009185
     0.990803    0.007873
     0.996461    0.006658
     1.000000    0.005895
