     0.993868   -0.026846
     0.985143   -0.019100
     0.971277   -0.007309
     0.956416    0.004419
     0.941130    0.016346
     0.925826    0.028008
     0.910999    0.039244
     0.896759    0.049947
     0.882997    0.060200
     0.869904    0.069851
     0.857449    0.078942
     0.845394    0.087592
     0.832677    0.094877
     0.818634    0.100932
     0.803871    0.107271
     0.788308    0.113781
     0.771718    0.120696
     0.753679    0.127964
     0.734327    0.135582
     0.714161    0.143286
     0.693889    0.150870
     0.673770    0.158099
     0.653298    0.165257
     0.632355    0.172357
     0.611351    0.179094
     0.590544    0.185481
     0.569943    0.191642
     0.549722    0.197293
     0.529883    0.202507
     0.510333    0.207465
     0.491051    0.211901
     0.472427    0.215821
     0.454072    0.219406
     0.435965    0.222612
     0.418265    0.225357
     0.400921    0.227705
     0.384130    0.229615
     0.367172    0.231225
     0.349814    0.232326
     0.332285    0.233172
     0.314892    0.233486
     0.297870    0.233326
     0.281350    0.232640
     0.265462    0.231549
     0.250326    0.230061
     0.236033    0.228141
     0.222584    0.225947
     0.209920    0.223483
     0.198016    0.220800
     0.186810    0.217864
     0.176129    0.214688
     0.166019    0.211320
     0.156421    0.207844
     0.147188    0.204180
     0.138205    0.200261
     0.129538    0.196185
     0.121271    0.191913
     0.113396    0.187601
     0.105926    0.183105
     0.098706    0.178438
     0.091683    0.173681
     0.084875    0.168717
     0.078401    0.163439
     0.072047    0.158065
     0.065887    0.152392
     0.059880    0.146501
     0.054141    0.140374
     0.048614    0.134118
     0.043457    0.127662
     0.038552    0.121144
     0.033956    0.114499
     0.029666    0.107783
     0.025744    0.101013
     0.022181    0.094258
     0.018882    0.087601
     0.015922    0.081033
     0.013287    0.074572
     0.010944    0.068244
     0.008916    0.062065
     0.007210    0.056051
     0.005778    0.050228
     0.004662    0.044595
     0.003730    0.039173
     0.002965    0.033963
     0.002370    0.028949
     0.001750    0.024157
     0.001251    0.019561
     0.000796    0.015160
     0.000478    0.010958
     0.000182    0.006888
     0.000007    0.002078
     0.000046   -0.001965
     0.000198    0.001039
     0.000299   -0.002405
     0.000613   -0.007834
     0.000938   -0.012088
     0.001364   -0.016577
     0.001892   -0.021260
     0.002558   -0.026127
     0.003365   -0.031189
     0.004290   -0.036439
     0.005482   -0.041855
     0.006843   -0.047457
     0.008466   -0.053218
     0.010357   -0.059119
     0.012544   -0.065122
     0.015018   -0.071219
     0.017785   -0.077396
     0.020886   -0.083616
     0.024278   -0.089867
     0.027908   -0.096189
     0.031924   -0.102549
     0.036292   -0.108920
     0.041120   -0.115251
     0.046299   -0.121593
     0.051814   -0.127928
     0.057893   -0.134129
     0.064330   -0.140324
     0.071142   -0.146430
     0.078294   -0.152397
     0.085797   -0.158125
     0.093552   -0.163632
     0.101568   -0.168868
     0.109871   -0.173842
     0.118508   -0.178697
     0.127651   -0.183418
     0.137260   -0.188059
     0.147411   -0.192458
     0.158088   -0.196726
     0.169390   -0.200839
     0.181296   -0.204666
     0.193674   -0.208347
     0.206474   -0.211606
     0.219449   -0.214487
     0.232416   -0.217081
     0.245456   -0.219166
     0.258535   -0.221007
     0.271800   -0.222366
     0.285083   -0.223552
     0.298401   -0.224205
     0.311797   -0.224625
     0.325481   -0.224668
     0.339593   -0.224439
     0.354073   -0.223671
     0.368631   -0.222689
     0.383012   -0.221326
     0.397775   -0.219471
     0.413130   -0.217173
     0.428865   -0.214427
     0.444649   -0.211249
     0.460359   -0.207764
     0.476012   -0.203804
     0.491606   -0.199586
     0.507050   -0.194963
     0.522592   -0.190044
     0.538143   -0.184617
     0.553838   -0.178906
     0.569665   -0.172866
     0.585674   -0.166397
     0.602115   -0.159507
     0.618696   -0.152233
     0.635309   -0.144645
     0.652154   -0.136679
     0.669199   -0.128420
     0.686257   -0.119906
     0.703333   -0.111327
     0.720491   -0.102639
     0.737240   -0.094030
     0.753308   -0.085867
     0.768463   -0.078284
     0.782406   -0.071392
     0.794994   -0.065251
     0.806324   -0.059907
     0.816530   -0.055283
     0.825902   -0.051565
     0.835748   -0.049764
     0.845901   -0.048048
     0.856197   -0.046376
     0.866476   -0.044952
     0.876572   -0.043705
     0.886329   -0.042704
     0.895652   -0.041941
     0.904475   -0.041387
     0.912772   -0.041074
     0.920554   -0.040930
     0.927823   -0.040864
     0.934601   -0.040958
     0.940938   -0.041183
     0.946867   -0.041442
     0.952414   -0.041870
     0.957620   -0.042447
     0.962533   -0.043018
     0.967177   -0.043494
     0.971523   -0.044412
     0.975669   -0.045566
     0.979874   -0.045080
     0.983954   -0.042877
     0.987360   -0.041068
     0.989481   -0.042288
     0.989159   -0.049002
