     0.999453    0.052589
     0.997412    0.052439
     0.994232    0.052181
     0.990898    0.051879
     0.987389    0.051528
     0.983684    0.051118
     0.979759    0.050641
     0.975581    0.050083
     0.971116    0.049430
     0.966318    0.048663
     0.961138    0.047758
     0.955516    0.046684
     0.949388    0.045403
     0.942692    0.043874
     0.935378    0.042063
     0.927421    0.039946
     0.918843    0.037521
     0.909722    0.034816
     0.900186    0.031892
     0.890382    0.028817
     0.880488    0.025616
     0.870709    0.022317
     0.861244    0.018959
     0.852247    0.015579
     0.843798    0.012239
     0.835872    0.009056
     0.828379    0.006109
     0.821214    0.003434
     0.814271    0.001053
     0.807445   -0.001023
     0.800627   -0.002773
     0.793710   -0.004210
     0.786599   -0.005395
     0.779206   -0.006392
     0.771439   -0.007262
     0.763201   -0.008078
     0.754398   -0.008934
     0.744967   -0.009962
     0.734899   -0.011264
     0.724215   -0.012827
     0.712962   -0.014604
     0.701199   -0.016518
     0.688980   -0.018477
     0.676361   -0.020451
     0.663413   -0.022445
     0.650222   -0.024470
     0.636872   -0.026531
     0.623434   -0.028615
     0.609964   -0.030698
     0.596495   -0.032761
     0.583043   -0.034790
     0.569616   -0.036779
     0.556223   -0.038722
     0.542875   -0.040615
     0.529583   -0.042452
     0.516355   -0.044224
     0.503199   -0.045926
     0.490121   -0.047552
     0.477122   -0.049095
     0.464199   -0.050551
     0.451341   -0.051915
     0.438534   -0.053183
     0.425765   -0.054354
     0.413036   -0.055427
     0.400362   -0.056398
     0.387767   -0.057263
     0.375266   -0.058013
     0.362851   -0.058641
     0.350488   -0.059140
     0.338132   -0.059507
     0.325738   -0.059751
     0.313287   -0.059878
     0.300781   -0.059894
     0.288244   -0.059805
     0.275706   -0.059608
     0.263195   -0.059305
     0.250733   -0.058895
     0.238342   -0.058378
     0.226032   -0.057750
     0.213810   -0.057009
     0.201674   -0.056150
     0.189622   -0.055174
     0.177666   -0.054085
     0.165845   -0.052891
     0.154215   -0.051605
     0.142851   -0.050237
     0.131840   -0.048788
     0.121276   -0.047263
     0.111235   -0.045675
     0.101768   -0.044039
     0.092908   -0.042373
     0.084684   -0.040701
     0.077107   -0.039045
     0.070164   -0.037418
     0.063813   -0.035823
     0.058000   -0.034261
     0.052666   -0.032734
     0.047761   -0.031238
     0.043252   -0.029773
     0.039110   -0.028341
     0.035305   -0.026946
     0.031809   -0.025589
     0.028592   -0.024271
     0.025631   -0.022979
     0.022905   -0.021698
     0.020394   -0.020413
     0.018077   -0.019117
     0.015936   -0.017804
     0.013955   -0.016475
     0.012119   -0.015140
     0.010415   -0.013802
     0.008829   -0.012457
     0.007348   -0.011095
     0.005982   -0.009723
     0.004742   -0.008348
     0.003631   -0.006971
     0.002650   -0.005592
     0.001796   -0.004209
     0.001069   -0.002817
     0.000469   -0.001411
    -0.000004    0.000014
    -0.000349    0.001466
    -0.000574    0.002943
    -0.000683    0.004444
    -0.000681    0.005967
    -0.000570    0.007511
    -0.000349    0.009071
    -0.000017    0.010645
     0.000430    0.012226
     0.000996    0.013808
     0.001689    0.015381
     0.002510    0.016941
     0.003443    0.018512
     0.004469    0.020117
     0.005588    0.021761
     0.006812    0.023435
     0.008153    0.025134
     0.009629    0.026852
     0.011252    0.028596
     0.013033    0.030372
     0.014986    0.032192
     0.017125    0.034065
     0.019461    0.036007
     0.022004    0.038029
     0.024772    0.040137
     0.027786    0.042333
     0.031068    0.044617
     0.034638    0.046986
     0.038513    0.049438
     0.042714    0.051969
     0.047266    0.054582
     0.052208    0.057283
     0.057585    0.060075
     0.063442    0.062961
     0.069814    0.065939
     0.076723    0.068998
     0.084175    0.072120
     0.092154    0.075280
     0.100636    0.078452
     0.109587    0.081610
     0.118958    0.084723
     0.128688    0.087763
     0.138716    0.090709
     0.148991    0.093547
     0.159483    0.096270
     0.170167    0.098868
     0.181022    0.101333
     0.192026    0.103660
     0.203162    0.105845
     0.214416    0.107886
     0.225775    0.109782
     0.237229    0.111533
     0.248770    0.113140
     0.260394    0.114603
     0.272090    0.115924
     0.283842    0.117102
     0.295625    0.118137
     0.307404    0.119027
     0.319151    0.119768
     0.330858    0.120352
     0.342536    0.120775
     0.354215    0.121032
     0.365936    0.121126
     0.377727    0.121063
     0.389604    0.120848
     0.401561    0.120488
     0.413578    0.119986
     0.425633    0.119345
     0.437718    0.118566
     0.449832    0.117649
     0.461989    0.116594
     0.474203    0.115406
     0.486483    0.114087
     0.498833    0.112642
     0.511247    0.111077
     0.523714    0.109396
     0.536223    0.107603
     0.548759    0.105703
     0.561308    0.103702
     0.573858    0.101602
     0.586410    0.099404
     0.598974    0.097106
     0.611577    0.094705
     0.624241    0.092203
     0.636958    0.089613
     0.649687    0.086955
     0.662348    0.084254
     0.674848    0.081525
     0.687102    0.078777
     0.699041    0.076015
     0.710620    0.073250
     0.721799    0.070529
     0.732526    0.067912
     0.742749    0.065449
     0.752430    0.063178
     0.761534    0.061090
     0.769975    0.059096
     0.777649    0.057138
     0.784516    0.055197
     0.790620    0.053306
     0.796149    0.051709
     0.801390    0.050617
     0.806652    0.050174
     0.812239    0.050274
     0.818400    0.050606
     0.825270    0.050837
     0.832888    0.050915
     0.841239    0.050887
     0.850277    0.050849
     0.859958    0.050877
     0.870204    0.050972
     0.880879    0.051124
     0.891815    0.051313
     0.902844    0.051517
     0.913781    0.051718
     0.924326    0.051904
     0.934139    0.052066
     0.943002    0.052197
     0.950870    0.052299
     0.957824    0.052376
     0.963997    0.052435
     0.969525    0.052479
     0.974525    0.052513
     0.979087    0.052539
     0.983285    0.052557
     0.987176    0.052571
     0.990804    0.052580
     0.994207    0.052586
     0.997412    0.052589
     0.999453    0.052589
