     1.000000    0.013830
     0.993776    0.016433
     0.983742    0.020587
     0.972785    0.024952
     0.960833    0.029505
     0.947915    0.034374
     0.934109    0.039507
     0.919572    0.044858
     0.904529    0.050395
     0.889167    0.056048
     0.873520    0.061753
     0.857811    0.067454
     0.842130    0.073116
     0.826332    0.078755
     0.810264    0.084423
     0.793847    0.090185
     0.776989    0.096029
     0.759478    0.101983
     0.741374    0.108111
     0.722857    0.114239
     0.704198    0.120316
     0.685605    0.126304
     0.667055    0.132123
     0.648301    0.137876
     0.629425    0.143575
     0.610550    0.149084
     0.591769    0.154402
     0.573102    0.159590
     0.554629    0.164487
     0.536370    0.169186
     0.518289    0.173662
     0.500280    0.177877
     0.482522    0.181812
     0.464990    0.185468
     0.447543    0.188851
     0.430285    0.191973
     0.413239    0.194735
     0.396488    0.197190
     0.379905    0.199330
     0.363159    0.201196
     0.346283    0.202724
     0.329482    0.203912
     0.312860    0.204675
     0.296510    0.205031
     0.280511    0.205011
     0.264958    0.204554
     0.249918    0.203685
     0.235430    0.202457
     0.221545    0.200868
     0.208287    0.198921
     0.195663    0.196654
     0.183557    0.194069
     0.171998    0.191173
     0.160958    0.188041
     0.150304    0.184623
     0.140026    0.180928
     0.130193    0.176971
     0.120815    0.172835
     0.111880    0.168463
     0.103294    0.163891
     0.095070    0.159117
     0.087239    0.154110
     0.079766    0.148931
     0.072640    0.143544
     0.065859    0.138010
     0.059482    0.132333
     0.053499    0.126587
     0.047958    0.120762
     0.042804    0.114941
     0.038055    0.109122
     0.033692    0.103347
     0.029724    0.097632
     0.026133    0.092000
     0.022845    0.086506
     0.019893    0.081134
     0.017258    0.075898
     0.014882    0.070819
     0.012765    0.065896
     0.010876    0.061135
     0.009208    0.056533
     0.007744    0.052087
     0.006480    0.047791
     0.005435    0.043631
     0.004584    0.039606
     0.003849    0.035727
     0.003271    0.031980
     0.002795    0.028367
     0.002341    0.024893
     0.001903    0.021554
     0.001511    0.018338
     0.001148    0.015242
     0.000810    0.012260
     0.000558    0.009380
     0.000332    0.006599
     0.000157    0.003912
     0.000024    0.001292
     0.000033   -0.001283
     0.000342   -0.003845
     0.000651   -0.006477
     0.000804   -0.009209
     0.001027   -0.012021
     0.001350   -0.014921
     0.001662   -0.017929
     0.002047   -0.021042
     0.002489   -0.024267
     0.003004   -0.027607
     0.003637   -0.031060
     0.004389   -0.034631
     0.005251   -0.038328
     0.006290   -0.042140
     0.007480   -0.046082
     0.008828   -0.050156
     0.010354   -0.054364
     0.012072   -0.058704
     0.013979   -0.063186
     0.016132   -0.067786
     0.018521   -0.072515
     0.021203   -0.077348
     0.024161   -0.082289
     0.027419   -0.087329
     0.031021   -0.092433
     0.034937   -0.097641
     0.039223   -0.102926
     0.043887   -0.108276
     0.049001   -0.113635
     0.054526   -0.119031
     0.060474   -0.124456
     0.066959   -0.129820
     0.073919   -0.135182
     0.081367   -0.140495
     0.089298   -0.145713
     0.097708   -0.150792
     0.106562   -0.155692
     0.115820   -0.160399
     0.125494   -0.164928
     0.135689   -0.169235
     0.146381   -0.173380
     0.157597   -0.177251
     0.169314   -0.180908
     0.181535   -0.184309
     0.194215   -0.187367
     0.207242   -0.190144
     0.220548   -0.192521
     0.234021   -0.194491
     0.247596   -0.196122
     0.261284   -0.197383
     0.275106   -0.198239
     0.289024   -0.198755
     0.302993   -0.198840
     0.317027   -0.198604
     0.331213   -0.198022
     0.345622   -0.197097
     0.360235   -0.195719
     0.374930   -0.194047
     0.389595   -0.192005
     0.404532   -0.189525
     0.419806   -0.186626
     0.435287   -0.183318
     0.450835   -0.179595
     0.466422   -0.175517
     0.482107   -0.171074
     0.497819   -0.166299
     0.513556   -0.161171
     0.529361   -0.155751
     0.545225   -0.150028
     0.561133   -0.143948
     0.577129   -0.137640
     0.593300   -0.130970
     0.609651   -0.124052
     0.626002   -0.116892
     0.642491   -0.109576
     0.659156   -0.102049
     0.675951   -0.094331
     0.692876   -0.086581
     0.710015   -0.078760
     0.727289   -0.070967
     0.744533   -0.063373
     0.761667   -0.056111
     0.778529   -0.049245
     0.794984   -0.042847
     0.810976   -0.037036
     0.826444   -0.031757
     0.841300   -0.027034
     0.855519   -0.022915
     0.869077   -0.019348
     0.881977   -0.016364
     0.894204   -0.013890
     0.905772   -0.011899
     0.916678   -0.010335
     0.926949   -0.009172
     0.936583   -0.008293
     0.945612   -0.007740
     0.954065   -0.007408
     0.961976   -0.007398
     0.969409   -0.007600
     0.976373   -0.008018
     0.982948   -0.008772
     0.989568   -0.007653
     0.995931   -0.007945
     1.000000   -0.012237
