     0.990374   -0.044075
     0.986612   -0.044311
     0.981427   -0.043515
     0.976545   -0.041578
     0.971610   -0.039266
     0.966327   -0.037314
     0.960696   -0.035504
     0.954786   -0.033457
     0.948511   -0.031318
     0.941785   -0.029199
     0.934616   -0.027027
     0.927015   -0.024835
     0.918975   -0.022660
     0.910521   -0.020516
     0.901699   -0.018441
     0.892563   -0.016475
     0.883192   -0.014639
     0.873684   -0.012958
     0.864142   -0.011447
     0.854683   -0.010109
     0.845416   -0.008946
     0.836436   -0.007957
     0.827807   -0.007131
     0.819595   -0.006423
     0.811839   -0.005936
     0.804470   -0.005403
     0.797374   -0.006072
     0.789912   -0.007477
     0.781888   -0.009033
     0.773183   -0.010898
     0.763753   -0.013025
     0.753538   -0.015495
     0.742462   -0.018334
     0.730481   -0.021583
     0.717542   -0.025293
     0.703617   -0.029481
     0.688695   -0.034195
     0.672776   -0.039420
     0.655896   -0.045152
     0.638147   -0.051341
     0.619693   -0.057856
     0.600840   -0.064519
     0.581926   -0.071141
     0.563133   -0.077610
     0.544596   -0.083780
     0.526352   -0.089609
     0.508450   -0.095040
     0.490882   -0.100084
     0.473600   -0.104680
     0.456582   -0.108870
     0.439798   -0.112632
     0.423199   -0.115973
     0.406790   -0.118891
     0.390473   -0.121424
     0.374375   -0.123544
     0.358375   -0.125274
     0.342525   -0.126630
     0.326867   -0.127575
     0.311342   -0.128103
     0.295990   -0.128309
     0.280860   -0.128100
     0.265963   -0.127576
     0.251330   -0.126621
     0.236988   -0.125382
     0.222983   -0.123781
     0.209337   -0.121857
     0.196074   -0.119619
     0.183229   -0.117109
     0.170842   -0.114354
     0.158953   -0.111360
     0.147570   -0.108133
     0.136695   -0.104742
     0.126362   -0.101231
     0.116584   -0.097617
     0.107366   -0.093940
     0.098706   -0.090211
     0.090581   -0.086474
     0.082982   -0.082755
     0.075891   -0.079062
     0.069280   -0.075412
     0.063119   -0.071822
     0.057388   -0.068294
     0.052055   -0.064830
     0.047089   -0.061439
     0.042466   -0.058123
     0.038163   -0.054879
     0.034159   -0.051702
     0.030434   -0.048588
     0.026971   -0.045532
     0.023755   -0.042527
     0.020767   -0.039571
     0.017991   -0.036663
     0.015419   -0.033799
     0.013052   -0.030969
     0.010892   -0.028162
     0.008931   -0.025372
     0.007157   -0.022600
     0.005556   -0.019846
     0.004127   -0.017108
     0.002892   -0.014383
     0.001875   -0.011670
     0.001091   -0.008975
     0.000534   -0.006308
     0.000182   -0.003680
     0.000017   -0.001086
     0.000026    0.001489
     0.000200    0.004070
     0.000527    0.006680
     0.001001    0.009335
     0.001616    0.012040
     0.002372    0.014790
     0.003281    0.017577
     0.004355    0.020393
     0.005609    0.023234
     0.007046    0.026103
     0.008663    0.029005
     0.010454    0.031946
     0.012421    0.034925
     0.014571    0.037943
     0.016913    0.041000
     0.019458    0.044096
     0.022220    0.047231
     0.025213    0.050404
     0.028448    0.053620
     0.031934    0.056884
     0.035687    0.060198
     0.039725    0.063561
     0.044069    0.066971
     0.048741    0.070428
     0.053763    0.073933
     0.059155    0.077483
     0.064942    0.081073
     0.071153    0.084691
     0.077812    0.088331
     0.084944    0.091983
     0.092568    0.095633
     0.100704    0.099257
     0.109382    0.102825
     0.118594    0.106355
     0.128360    0.109741
     0.138705    0.113033
     0.149601    0.116140
     0.161061    0.119132
     0.173027    0.121872
     0.185539    0.124381
     0.198550    0.126633
     0.212055    0.128591
     0.226051    0.130231
     0.240543    0.131576
     0.255440    0.132615
     0.270792    0.133293
     0.286503    0.133695
     0.302593    0.133676
     0.319070    0.133371
     0.335974    0.132733
     0.353253    0.131728
     0.370872    0.130427
     0.388775    0.128808
     0.406967    0.126904
     0.425519    0.124703
     0.444490    0.122189
     0.463847    0.119424
     0.483565    0.116346
     0.503580    0.113030
     0.523831    0.109466
     0.544303    0.105724
     0.564998    0.101763
     0.585924    0.097611
     0.606957    0.093298
     0.628008    0.088853
     0.648950    0.084336
     0.669573    0.079798
     0.689645    0.075317
     0.708907    0.070971
     0.727096    0.066828
     0.744000    0.062948
     0.759528    0.059373
     0.773678    0.056131
     0.786490    0.053183
     0.798042    0.050502
     0.808471    0.048013
     0.818030    0.043762
     0.828260    0.039045
     0.839283    0.033919
     0.851145    0.028449
     0.863669    0.022665
     0.876610    0.016719
     0.889636    0.010759
     0.902400    0.004955
     0.914596   -0.000574
     0.926008   -0.005725
     0.936556   -0.010451
     0.946213   -0.014771
     0.955023   -0.018691
     0.963039   -0.022261
     0.970335   -0.025529
     0.977002   -0.028513
     0.983113   -0.031244
     0.988731   -0.033759
     0.992233   -0.035330
