     1.000000    0.001310
     0.996913    0.001845
     0.991828    0.002718
     0.986093    0.003690
     0.979593    0.004778
     0.972203    0.006005
     0.963796    0.007422
     0.954258    0.009074
     0.943530    0.010984
     0.931617    0.013150
     0.918678    0.015529
     0.904944    0.018113
     0.890631    0.020848
     0.875877    0.023701
     0.860779    0.026692
     0.845404    0.029780
     0.829915    0.032919
     0.814400    0.036097
     0.798864    0.039350
     0.783354    0.042619
     0.767923    0.045918
     0.752517    0.049250
     0.737107    0.052594
     0.721784    0.055954
     0.706438    0.059291
     0.691042    0.062674
     0.675741    0.065994
     0.660496    0.069307
     0.645245    0.072592
     0.630044    0.075818
     0.614865    0.079028
     0.599724    0.082154
     0.584639    0.085194
     0.569573    0.088140
     0.554523    0.091012
     0.539536    0.093791
     0.524802    0.096454
     0.510413    0.098944
     0.496388    0.101256
     0.482539    0.103482
     0.468697    0.105643
     0.454803    0.107617
     0.440930    0.109509
     0.427307    0.111242
     0.414022    0.112733
     0.401144    0.114123
     0.388595    0.115257
     0.376162    0.116323
     0.363639    0.117169
     0.350907    0.117924
     0.337775    0.118454
     0.324567    0.118828
     0.311265    0.118915
     0.298028    0.118780
     0.284745    0.118302
     0.271480    0.117621
     0.258247    0.116671
     0.245199    0.115490
     0.232258    0.113994
     0.219429    0.112188
     0.206592    0.110126
     0.193956    0.107861
     0.181480    0.105308
     0.169122    0.102479
     0.157028    0.099487
     0.145085    0.096162
     0.133404    0.092675
     0.122090    0.088979
     0.111181    0.085108
     0.100731    0.081090
     0.090825    0.077014
     0.081547    0.072899
     0.072929    0.068795
     0.064999    0.064749
     0.057759    0.060800
     0.051189    0.056989
     0.045265    0.053330
     0.039941    0.049823
     0.035159    0.046470
     0.030863    0.043272
     0.027003    0.040223
     0.023537    0.037314
     0.020423    0.034529
     0.017622    0.031851
     0.015101    0.029273
     0.012834    0.026791
     0.010800    0.024399
     0.008983    0.022085
     0.007362    0.019835
     0.005920    0.017635
     0.004644    0.015476
     0.003529    0.013361
     0.002570    0.011297
     0.001761    0.009293
     0.001103    0.007358
     0.000598    0.005491
     0.000246    0.003680
     0.000046    0.001908
     0.000004    0.000156
     0.000125   -0.001597
     0.000409   -0.003367
     0.000863   -0.005161
     0.001496   -0.006983
     0.002328   -0.008827
     0.003375   -0.010673
     0.004646   -0.012508
     0.006136   -0.014330
     0.007835   -0.016145
     0.009726   -0.017963
     0.011796   -0.019802
     0.014065   -0.021673
     0.016560   -0.023589
     0.019308   -0.025562
     0.022335   -0.027602
     0.025674   -0.029718
     0.029358   -0.031924
     0.033435   -0.034232
     0.037962   -0.036654
     0.043000   -0.039202
     0.048615   -0.041886
     0.054876   -0.044708
     0.061858   -0.047666
     0.069617   -0.050768
     0.078172   -0.053993
     0.087522   -0.057297
     0.097637   -0.060635
     0.108443   -0.063960
     0.119849   -0.067210
     0.131775   -0.070351
     0.144113   -0.073340
     0.156784   -0.076167
     0.169676   -0.078786
     0.182779   -0.081184
     0.196016   -0.083356
     0.209377   -0.085280
     0.222862   -0.086970
     0.236422   -0.088427
     0.250036   -0.089650
     0.263699   -0.090620
     0.277396   -0.091364
     0.291084   -0.091860
     0.304789   -0.092105
     0.318482   -0.092113
     0.332160   -0.091859
     0.345848   -0.091351
     0.359546   -0.090598
     0.373226   -0.089597
     0.386926   -0.088337
     0.400619   -0.086835
     0.414355   -0.085083
     0.428055   -0.083105
     0.441799   -0.080842
     0.455592   -0.078344
     0.469473   -0.075581
     0.483460   -0.072581
     0.497574   -0.069334
     0.511861   -0.065860
     0.526298   -0.062213
     0.540779   -0.058470
     0.555172   -0.054627
     0.569574   -0.050747
     0.584079   -0.046810
     0.598712   -0.042791
     0.613396   -0.038814
     0.628066   -0.034859
     0.642774   -0.030981
     0.657446   -0.027218
     0.672081   -0.023587
     0.686620   -0.020112
     0.701067   -0.016834
     0.715454   -0.013735
     0.729754   -0.010835
     0.743985   -0.008145
     0.758154   -0.005649
     0.772246   -0.003379
     0.786228   -0.001320
     0.800129    0.000490
     0.813941    0.002063
     0.827670    0.003390
     0.841278    0.004488
     0.854704    0.005344
     0.867909    0.005948
     0.880810    0.006320
     0.893294    0.006467
     0.905233    0.006400
     0.916509    0.006137
     0.927019    0.005714
     0.936672    0.005186
     0.945421    0.004577
     0.953302    0.003914
     0.960360    0.003272
     0.966661    0.002648
     0.972306    0.001953
     0.977349    0.001373
     0.981902    0.001103
     0.986245    0.000741
     0.990586   -0.000334
     0.994716   -0.001730
     0.998189   -0.001791
     1.000000    0.000000
