     0.988401   -0.049824
     0.985394   -0.048433
     0.980424   -0.046143
     0.974796   -0.043565
     0.968387   -0.040647
     0.961070   -0.037323
     0.952721   -0.033493
     0.943230   -0.029088
     0.932556   -0.024069
     0.920752   -0.018478
     0.908076   -0.012427
     0.894833   -0.006053
     0.881381    0.000485
     0.868031    0.007006
     0.855131    0.013381
     0.843040    0.019376
     0.832061    0.024846
     0.822299    0.029717
     0.813730    0.034052
     0.806100    0.037695
     0.798310    0.039593
     0.789564    0.041255
     0.779778    0.043397
     0.768658    0.045757
     0.756202    0.048450
     0.742524    0.051415
     0.727924    0.054612
     0.712638    0.057934
     0.696799    0.061409
     0.680692    0.064928
     0.664489    0.068441
     0.648171    0.071964
     0.631838    0.075436
     0.615500    0.078895
     0.599184    0.082263
     0.582928    0.085535
     0.566681    0.088700
     0.550473    0.091767
     0.534399    0.094734
     0.518668    0.097531
     0.503402    0.100089
     0.488473    0.102557
     0.473612    0.104886
     0.458746    0.107075
     0.443849    0.109114
     0.429212    0.111011
     0.414962    0.112634
     0.401182    0.114119
     0.387780    0.115328
     0.374507    0.116439
     0.361104    0.117347
     0.347415    0.118075
     0.333328    0.118610
     0.319205    0.118882
     0.304994    0.118897
     0.290861    0.118553
     0.276645    0.117924
     0.262508    0.116991
     0.248507    0.115823
     0.234672    0.114295
     0.220968    0.112425
     0.207277    0.110239
     0.193805    0.107832
     0.180529    0.105098
     0.167402    0.102078
     0.154604    0.098831
     0.141984    0.095263
     0.129743    0.091516
     0.117950    0.087547
     0.106676    0.083410
     0.095974    0.079170
     0.085967    0.074897
     0.076696    0.070625
     0.068192    0.066411
     0.060454    0.062300
     0.053457    0.058331
     0.047165    0.054529
     0.041530    0.050893
     0.036485    0.047420
     0.031965    0.044110
     0.027912    0.040958
     0.024278    0.037952
     0.021020    0.035077
     0.018094    0.032315
     0.015465    0.029657
     0.013102    0.027094
     0.010982    0.024621
     0.009090    0.022226
     0.007407    0.019899
     0.005915    0.017627
     0.004603    0.015403
     0.003462    0.013224
     0.002482    0.011093
     0.001657    0.009012
     0.000992    0.006987
     0.000492    0.005015
     0.000163    0.003086
     0.000009    0.001182
     0.000044   -0.000718
     0.000272   -0.002633
     0.000695   -0.004571
     0.001324   -0.006535
     0.002175   -0.008519
     0.003268   -0.010501
     0.004611   -0.012462
     0.006201   -0.014404
     0.008023   -0.016333
     0.010055   -0.018265
     0.012289   -0.020220
     0.014746   -0.022209
     0.017454   -0.024245
     0.020445   -0.026343
     0.023748   -0.028513
     0.027398   -0.030766
     0.031440   -0.033119
     0.035931   -0.035584
     0.040935   -0.038175
     0.046525   -0.040905
     0.052777   -0.043781
     0.059778   -0.046803
     0.067605   -0.049981
     0.076302   -0.053305
     0.085887   -0.056735
     0.096346   -0.060222
     0.107617   -0.063715
     0.119603   -0.067142
     0.132213   -0.070462
     0.145324   -0.073620
     0.158828   -0.076601
     0.172607   -0.079343
     0.186630   -0.081843
     0.200812   -0.084078
     0.215150   -0.086031
     0.229616   -0.087727
     0.244165   -0.089154
     0.258766   -0.090297
     0.273429   -0.091172
     0.288088   -0.091774
     0.302763   -0.092083
     0.317433   -0.092121
     0.332085   -0.091861
     0.346748   -0.091309
     0.361423   -0.090476
     0.376082   -0.089354
     0.390766   -0.087944
     0.405452   -0.086240
     0.420174   -0.084277
     0.434872   -0.082011
     0.449655   -0.079452
     0.464510   -0.076594
     0.479498   -0.073453
     0.494630   -0.070029
     0.509960   -0.066331
     0.525481   -0.062422
     0.541067   -0.058394
     0.556563   -0.054257
     0.572075   -0.050064
     0.587718   -0.045814
     0.603483   -0.041490
     0.619252   -0.037227
     0.634987   -0.033031
     0.650652   -0.028943
     0.666173   -0.025038
     0.681427   -0.021335
     0.696293   -0.017896
     0.710691   -0.014744
     0.724427   -0.011893
     0.737341   -0.009374
     0.749283   -0.007193
     0.760122   -0.005319
     0.769828   -0.003758
     0.778469   -0.002437
     0.786080   -0.001307
     0.792805   -0.000489
     0.798862    0.000420
     0.804802   -0.000327
     0.811383   -0.001319
     0.818793   -0.002580
     0.827099   -0.004034
     0.836300   -0.005748
     0.846381   -0.007756
     0.857207   -0.010075
     0.868574   -0.012685
     0.880196   -0.015546
     0.891764   -0.018595
     0.902983   -0.021762
     0.913616   -0.024968
     0.923491   -0.028118
     0.932489   -0.031135
     0.940584   -0.033990
     0.947829   -0.036642
     0.954284   -0.039036
     0.960021   -0.041296
     0.965132   -0.043369
     0.969768   -0.044995
     0.974123   -0.046465
     0.978285   -0.048580
     0.982166   -0.051192
     0.985721   -0.052363
     0.988062   -0.051089
