     0.997969    0.053704
     0.994640    0.053402
     0.989136    0.052895
     0.982902    0.052306
     0.975806    0.051620
     0.967705    0.050831
     0.958453    0.049965
     0.947940    0.049029
     0.936151    0.048038
     0.923208    0.046985
     0.909456    0.045909
     0.895293    0.044844
     0.881174    0.043837
     0.867512    0.042881
     0.854676    0.042043
     0.842975    0.041299
     0.832577    0.040645
     0.823449    0.040098
     0.815459    0.039577
     0.808424    0.039241
     0.802096    0.038776
     0.795933    0.039978
     0.789001    0.041402
     0.781070    0.043114
     0.771958    0.045055
     0.761559    0.047287
     0.749820    0.049834
     0.736824    0.052655
     0.722817    0.055729
     0.707976    0.058953
     0.692499    0.062354
     0.676723    0.065783
     0.660775    0.069247
     0.644682    0.072712
     0.628559    0.076134
     0.612409    0.079541
     0.596287    0.082847
     0.580212    0.086072
     0.564128    0.089192
     0.548086    0.092210
     0.532202    0.095133
     0.516657    0.097882
     0.501561    0.100391
     0.486761    0.102826
     0.472001    0.105138
     0.457218    0.107286
     0.442424    0.109308
     0.427898    0.111171
     0.413752    0.112762
     0.400071    0.114234
     0.386728    0.115422
     0.373501    0.116507
     0.360127    0.117413
     0.346454    0.118114
     0.332413    0.118639
     0.318340    0.118887
     0.304193    0.118889
     0.290114    0.118525
     0.275961    0.117887
     0.261881    0.116945
     0.247945    0.115768
     0.234164    0.114233
     0.220510    0.112355
     0.206864    0.110171
     0.193434    0.107760
     0.180194    0.105023
     0.167092    0.102005
     0.154311    0.098751
     0.141696    0.095179
     0.129448    0.091421
     0.117632    0.087436
     0.106318    0.083273
     0.095561    0.079000
     0.085489    0.074684
     0.076144    0.070360
     0.067562    0.066087
     0.059749    0.061911
     0.052684    0.057876
     0.046336    0.054009
     0.040657    0.050308
     0.035579    0.046773
     0.031037    0.043405
     0.026974    0.040199
     0.023340    0.037144
     0.020089    0.034218
     0.017176    0.031408
     0.014566    0.028702
     0.012229    0.026099
     0.010147    0.023589
     0.008298    0.021158
     0.006659    0.018789
     0.005213    0.016467
     0.003950    0.014190
     0.002866    0.011964
     0.001953    0.009798
     0.001211    0.007706
     0.000646    0.005691
     0.000256    0.003742
     0.000042    0.001840
     0.000009   -0.000036
     0.000163   -0.001911
     0.000503   -0.003797
     0.001032   -0.005702
     0.001763   -0.007623
     0.002712   -0.009551
     0.003894   -0.011464
     0.005313   -0.013358
     0.006961   -0.015239
     0.008826   -0.017118
     0.010889   -0.019014
     0.013156   -0.020940
     0.015651   -0.022906
     0.018403   -0.024926
     0.021441   -0.027012
     0.024799   -0.029176
     0.028515   -0.031430
     0.032636   -0.033790
     0.037224   -0.036268
     0.042346   -0.038879
     0.048077   -0.041636
     0.054497   -0.044542
     0.061695   -0.047599
     0.069742   -0.050817
     0.078671   -0.054175
     0.088491   -0.057627
     0.099174   -0.061123
     0.110639   -0.064607
     0.122789   -0.068006
     0.135516   -0.071286
     0.148710   -0.074393
     0.162247   -0.077312
     0.176043   -0.079980
     0.190049   -0.082410
     0.204203   -0.084567
     0.218508   -0.086449
     0.232919   -0.088075
     0.247405   -0.089434
     0.261942   -0.090508
     0.276528   -0.091324
     0.291107   -0.091860
     0.305703   -0.092113
     0.320285   -0.092095
     0.334857   -0.091778
     0.349439   -0.091176
     0.364028   -0.090300
     0.378605   -0.089131
     0.393203   -0.087683
     0.407810   -0.085940
     0.422435   -0.083951
     0.437050   -0.081649
     0.451743   -0.079068
     0.466513   -0.076189
     0.481409   -0.073034
     0.496446   -0.069602
     0.511677   -0.065906
     0.527083   -0.062012
     0.542525   -0.058010
     0.557887   -0.053905
     0.573271   -0.049738
     0.588790   -0.045519
     0.604431   -0.041233
     0.620081   -0.037002
     0.635724   -0.032836
     0.651331   -0.028769
     0.666856   -0.024869
     0.682210   -0.021149
     0.697320   -0.017666
     0.712162   -0.014430
     0.726600   -0.011459
     0.740513   -0.008782
     0.753753   -0.006405
     0.766108   -0.004345
     0.777468   -0.002582
     0.787702   -0.001114
     0.796876    0.000073
     0.805006    0.001271
     0.812314    0.003902
     0.820162    0.007137
     0.828983    0.010365
     0.838685    0.013891
     0.849273    0.017559
     0.860574    0.021289
     0.872376    0.024974
     0.884404    0.028517
     0.896381    0.031825
     0.908041    0.034824
     0.919165    0.037471
     0.929574    0.039765
     0.939129    0.041722
     0.947787    0.043354
     0.955577    0.044719
     0.962521    0.045905
     0.968744    0.046847
     0.974312    0.047617
     0.979222    0.048525
     0.983778    0.049452
     0.988479    0.049728
     0.993196    0.049402
     0.996902    0.050154
     0.998308    0.052438
