     1.000000    0.000000
     0.998109    0.000357
     0.995168    0.000892
     0.992087    0.001426
     0.988851    0.001957
     0.985442    0.002485
     0.981840    0.003006
     0.978018    0.003518
     0.973948    0.004017
     0.969596    0.004499
     0.964920    0.004957
     0.959874    0.005382
     0.954405    0.005762
     0.948454    0.006079
     0.941967    0.006314
     0.934900    0.006450
     0.927228    0.006473
     0.918953    0.006370
     0.910108    0.006139
     0.900756    0.005786
     0.890961    0.005327
     0.880776    0.004762
     0.870256    0.004085
     0.859454    0.003290
     0.848408    0.002372
     0.837133    0.001328
     0.825632    0.000161
     0.813913   -0.001123
     0.801993   -0.002512
     0.789900   -0.003996
     0.777667   -0.005564
     0.765319   -0.007210
     0.752875   -0.008927
     0.740338   -0.010710
     0.727706   -0.012554
     0.714975   -0.014453
     0.702148   -0.016400
     0.689232   -0.018386
     0.676240   -0.020403
     0.663189   -0.022439
     0.650104   -0.024484
     0.637010   -0.026526
     0.623936   -0.028554
     0.610904   -0.030562
     0.597928   -0.032542
     0.585015   -0.034490
     0.572168   -0.036400
     0.559388   -0.038265
     0.546675   -0.040082
     0.534026   -0.041845
     0.521441   -0.043550
     0.508921   -0.045194
     0.496471   -0.046771
     0.484095   -0.048276
     0.471795   -0.049705
     0.459566   -0.051052
     0.447397   -0.052315
     0.435272   -0.053491
     0.423184   -0.054579
     0.411136   -0.055579
     0.399142   -0.056486
     0.387224   -0.057298
     0.375392   -0.058006
     0.363639   -0.058604
     0.351938   -0.059088
     0.340248   -0.059453
     0.328532   -0.059707
     0.316767   -0.059854
     0.304950   -0.059901
     0.293098   -0.059852
     0.281237   -0.059708
     0.269391   -0.059468
     0.257582   -0.059133
     0.245830   -0.058703
     0.234149   -0.058177
     0.222549   -0.057551
     0.211035   -0.056823
     0.199606   -0.055992
     0.188262   -0.055056
     0.177021   -0.054023
     0.165916   -0.052899
     0.155000   -0.051696
     0.144333   -0.050423
     0.133989   -0.049082
     0.124044   -0.047677
     0.114563   -0.046218
     0.105592   -0.044717
     0.097155   -0.043188
     0.089270   -0.041649
     0.081947   -0.040116
     0.075181   -0.038605
     0.068948   -0.037121
     0.063208   -0.035665
     0.057916   -0.034238
     0.053025   -0.032840
     0.048496   -0.031468
     0.044300   -0.030122
     0.040415   -0.028802
     0.036815   -0.027509
     0.033480   -0.026247
     0.030386   -0.025015
     0.027513   -0.023810
     0.024847   -0.022621
     0.022373   -0.021435
     0.020076   -0.020242
     0.017939   -0.019036
     0.015950   -0.017813
     0.014096   -0.016574
     0.012366   -0.015326
     0.010751   -0.014074
     0.009240   -0.012816
     0.007820   -0.011542
     0.006494   -0.010252
     0.005273   -0.008954
     0.004164   -0.007651
     0.003168   -0.006344
     0.002287   -0.005031
     0.001521   -0.003711
     0.000869   -0.002380
     0.000331   -0.001036
    -0.000090    0.000328
    -0.000395    0.001713
    -0.000592    0.003118
    -0.000686    0.004541
    -0.000681    0.005979
    -0.000579    0.007430
    -0.000380    0.008891
    -0.000086    0.010358
     0.000306    0.011827
     0.000798    0.013293
     0.001395    0.014751
     0.002100    0.016192
     0.002907    0.017629
     0.003802    0.019084
     0.004770    0.020570
     0.005819    0.022086
     0.006956    0.023625
     0.008193    0.025181
     0.009540    0.026752
     0.011007    0.028342
     0.012603    0.029955
     0.014337    0.031600
     0.016219    0.033285
     0.018257    0.035018
     0.020459    0.036811
     0.022833    0.038670
     0.025395    0.040599
     0.028159    0.042598
     0.031143    0.044668
     0.034361    0.046806
     0.037828    0.049012
     0.041558    0.051285
     0.045572    0.053625
     0.049897    0.056037
     0.054568    0.058526
     0.059619    0.061095
     0.065087    0.063745
     0.070999    0.066475
     0.077375    0.069278
     0.084221    0.072139
     0.091534    0.075040
     0.099298    0.077964
     0.107492    0.080887
     0.116080    0.083787
     0.125017    0.086638
     0.134252    0.089420
     0.143737    0.092117
     0.153438    0.094722
     0.163336    0.097227
     0.173409    0.099622
     0.183638    0.101902
     0.194006    0.104061
     0.204497    0.106096
     0.215097    0.108004
     0.225796    0.109785
     0.236584    0.111438
     0.247453    0.112964
     0.258399    0.114363
     0.269415    0.115636
     0.280487    0.116781
     0.291595    0.117799
     0.302711    0.118690
     0.313809    0.119450
     0.324873    0.120073
     0.335905    0.120554
     0.346921    0.120891
     0.357953    0.121080
     0.369033    0.121124
     0.380183    0.121031
     0.391411    0.120803
     0.402711    0.120446
     0.414063    0.119963
     0.425451    0.119356
     0.436867    0.118625
     0.448312    0.117771
     0.459796    0.116794
     0.471333    0.115696
     0.482933    0.114480
     0.494597    0.113151
     0.506322    0.111712
     0.518100    0.110167
     0.529921    0.108520
     0.541775    0.106775
     0.553656    0.104934
     0.565558    0.103000
     0.577477    0.100975
     0.589418    0.098860
     0.601389    0.096653
     0.613404    0.094354
     0.625477    0.091964
     0.637614    0.089487
     0.649811    0.086930
     0.662055    0.084302
     0.674328    0.081607
     0.686620    0.078850
     0.698932    0.076029
     0.711274    0.073143
     0.723660    0.070194
     0.736103    0.067183
     0.748609    0.064114
     0.761175    0.060993
     0.773796    0.057828
     0.786462    0.054628
     0.799162    0.051402
     0.811883    0.048159
     0.824592    0.044910
     0.837229    0.041671
     0.849698    0.038464
     0.861890    0.035321
     0.873715    0.032273
     0.885135    0.029342
     0.896148    0.026537
     0.906777    0.023858
     0.917008    0.021302
     0.926707    0.018888
     0.935692    0.016649
     0.943844    0.014608
     0.951141    0.012768
     0.957642    0.011114
     0.963452    0.009624
     0.968679    0.008275
     0.973422    0.007042
     0.977761    0.005909
     0.981760    0.004858
     0.985471    0.003878
     0.988935    0.002960
     0.992185    0.002095
     0.995249    0.001276
     0.998148    0.000498
     1.000000    0.000000
